  1.000000000000E-02  1.000000000000E-02  1.984611722376E-11  1.146294951234E-11  8.383167711419E-12  2.253929067932E-44
  1.000000000000E-02  2.000000000000E-02  4.370858758989E-11  2.295364785995E-11  2.075493972994E-11  5.399275895935E-44
  1.000000000000E-02  3.000000000000E-02  6.377171532183E-11  3.080884273706E-11  3.296287258477E-11  8.219114939002E-44
  1.000000000000E-02  4.000000000000E-02  7.988306682697E-11  3.608109494498E-11  4.380197188199E-11  1.414873329609E-43
  1.000000000000E-02  5.000000000000E-02  9.285874005982E-11  3.976497228775E-11  5.309376777207E-11  1.163937340389E-43
  1.000000000000E-02  6.000000000000E-02  1.034982856898E-10  4.249724506624E-11  6.100104062358E-11  1.098480786954E-43
  1.000000000000E-02  7.000000000000E-02  1.124398031929E-10  4.466815868570E-11  6.777164450720E-11  9.406904793946E-44
  1.000000000000E-02  8.000000000000E-02  1.201686315763E-10  4.651796622316E-11  7.365066535317E-11  2.107945427186E-43
  1.000000000000E-02  9.000000000000E-02  1.270512942198E-10  4.819765069963E-11  7.885364352021E-11  3.808602213410E-43
  1.000000000000E-02  1.000000000000E-01  1.333658469379E-10  4.980444985588E-11  8.356139708198E-11  5.111912350241E-43
  1.000000000000E-02  1.100000000000E-01  1.393250790540E-10  5.140264037542E-11  8.792243867860E-11  2.045935667553E-43
  1.000000000000E-02  1.200000000000E-01  1.450935313724E-10  5.303588641121E-11  9.205764496116E-11  2.438938754035E-43
  1.000000000000E-02  1.300000000000E-01  1.507999159001E-10  5.473473802708E-11  9.606517787301E-11  2.630769114127E-43
  1.000000000000E-02  1.400000000000E-01  1.565462233549E-10  5.652128951281E-11  1.000249338421E-10  2.537654078676E-43
  1.000000000000E-02  1.500000000000E-01  1.624144567828E-10  5.841213788150E-11  1.040023189013E-10  3.074977186249E-43
  1.000000000000E-02  1.600000000000E-01  1.684716533821E-10  6.042030078796E-11  1.080513525941E-10  2.209187218496E-43
  1.000000000000E-02  1.700000000000E-01  1.747736609020E-10  6.255648343127E-11  1.122171774707E-10  3.711530671055E-43
  1.000000000000E-02  1.800000000000E-01  1.813679993418E-10  6.482992985892E-11  1.165380694829E-10  3.606821941296E-43
  1.000000000000E-02  1.900000000000E-01  1.882960449459E-10  6.724900407455E-11  1.210470408714E-10  1.987213441059E-43
  1.000000000000E-02  2.000000000000E-01  1.955947082049E-10  6.982159263213E-11  1.257731155727E-10  3.126432934658E-43
  1.000000000000E-02  2.100000000000E-01  2.032977316018E-10  7.255538765143E-11  1.307423439504E-10  2.627370929145E-43
  1.000000000000E-02  2.200000000000E-01  2.114367000722E-10  7.545808881791E-11  1.359786112543E-10  3.685462521275E-43
  1.000000000000E-02  2.300000000000E-01  2.200418335147E-10  7.853755001138E-11  1.415042835034E-10  2.821137326854E-43
  1.000000000000E-02  2.400000000000E-01  2.291426134587E-10  8.180188786876E-11  1.473407255900E-10  2.871060617917E-43
  1.000000000000E-02  2.500000000000E-01  2.387682833067E-10  8.525956411313E-11  1.535087191935E-10  2.781956873265E-43
  1.000000000000E-02  2.600000000000E-01  2.489482521439E-10  8.891944983495E-11  1.600288023090E-10  3.284829614649E-43
  1.000000000000E-02  2.700000000000E-01  2.597124250526E-10  9.279087744832E-11  1.669215476043E-10  3.116533952609E-43
  1.000000000000E-02  2.800000000000E-01  2.710914775518E-10  9.688368436113E-11  1.742077931907E-10  6.624214378280E-43
  1.000000000000E-02  2.900000000000E-01  2.831170877583E-10  1.012082512335E-10  1.819088365248E-10  2.584798998979E-43
  1.000000000000E-02  3.000000000000E-01  2.958221367970E-10  1.057755368873E-10  1.900465999096E-10  3.617888131830E-43
  1.000000000000E-02  3.100000000000E-01  3.092408856475E-10  1.105971113579E-10  1.986437742895E-10  4.937020470304E-43
  1.000000000000E-02  3.200000000000E-01  3.234091348190E-10  1.156851881755E-10  2.077239466434E-10  4.326231666937E-43
  1.000000000000E-02  3.300000000000E-01  3.383643718645E-10  1.210526566762E-10  2.173117151882E-10  4.077441535946E-43
  1.000000000000E-02  3.400000000000E-01  3.541459106854E-10  1.267131149385E-10  2.274327957469E-10  6.171259766460E-43
  1.000000000000E-02  3.500000000000E-01  3.707950257588E-10  1.326809037941E-10  2.381141219647E-10  7.077775470973E-43
  1.000000000000E-02  3.600000000000E-01  3.883550837885E-10  1.389711422591E-10  2.493839415294E-10  3.763827883938E-43
  1.000000000000E-02  3.700000000000E-01  4.068716747977E-10  1.455997646583E-10  2.612719101394E-10  5.922611442752E-43
  1.000000000000E-02  3.800000000000E-01  4.263927443034E-10  1.525835596620E-10  2.738091846414E-10  3.914361994536E-43
  1.000000000000E-02  3.900000000000E-01  4.469687279312E-10  1.599402114221E-10  2.870285165090E-10  6.957676251537E-43
  1.000000000000E-02  4.000000000000E-01  4.686526896038E-10  1.676883429690E-10  3.009643466349E-10  5.654676038700E-43
  1.000000000000E-02  4.100000000000E-01  4.915004642772E-10  1.758475620146E-10  3.156529022626E-10  5.571091943411E-43
  1.000000000000E-02  4.200000000000E-01  5.155708060657E-10  1.844385093025E-10  3.311322967633E-10  8.770941736702E-43
  1.000000000000E-02  4.300000000000E-01  5.409255425119E-10  1.934829096364E-10  3.474426328756E-10  7.138119965100E-43
  1.000000000000E-02  4.400000000000E-01  5.676297356835E-10  2.030036257229E-10  3.646261099606E-10  7.305576790333E-43
  1.000000000000E-02  4.500000000000E-01  5.957518507360E-10  2.130247149636E-10  3.827271357724E-10  3.061516960284E-43
  1.000000000000E-02  4.600000000000E-01  6.253639325470E-10  2.235714893376E-10  4.017924432093E-10  9.456432480014E-43
  1.000000000000E-02  4.700000000000E-01  6.565417910089E-10  2.346705785196E-10  4.218712124893E-10  1.046637842007E-42
  1.000000000000E-02  4.800000000000E-01  6.893651955597E-10  2.463499963880E-10  4.430151991717E-10  3.326098416406E-43
  1.000000000000E-02  4.900000000000E-01  7.239180795285E-10  2.586392110834E-10  4.652788684452E-10  6.183379996285E-43
  1.000000000000E-02  5.000000000000E-01  7.602887548827E-10  2.715692187875E-10  4.887195360952E-10  7.285479774407E-43
  1.000000000000E-02  5.100000000000E-01  7.985701379721E-10  2.851726214026E-10  5.133975165695E-10  8.193189603229E-43
  1.000000000000E-02  5.200000000000E-01  8.388599868850E-10  2.994837083206E-10  5.393762785644E-10  9.257414716590E-43
  1.000000000000E-02  5.300000000000E-01  8.812611510498E-10  3.145385424823E-10  5.667226085675E-10  6.851851670017E-43
  1.000000000000E-02  5.400000000000E-01  9.258818337427E-10  3.303750509386E-10  5.955067828041E-10  1.346012585767E-42
  1.000000000000E-02  5.500000000000E-01  9.728358681876E-10  3.470331201370E-10  6.258027480505E-10  1.043591103071E-42
  1.000000000000E-02  5.600000000000E-01  1.022243007966E-09  3.645546961700E-10  6.576883117964E-10  1.150098419717E-42
  1.000000000000E-02  5.700000000000E-01  1.074229232491E-09  3.829838902327E-10  6.912453422581E-10  6.423921125782E-43
  1.000000000000E-02  5.800000000000E-01  1.128927068323E-09  4.023670895543E-10  7.265599787688E-10  1.173040786719E-42
  1.000000000000E-02  5.900000000000E-01  1.186475927172E-09  4.227530740788E-10  7.637228530934E-10  1.160158752464E-42
  1.000000000000E-02  6.000000000000E-01  1.247022461431E-09  4.441931391862E-10  8.028293222452E-10  8.800306169945E-43
  1.000000000000E-02  6.100000000000E-01  1.310720938169E-09  4.667412247626E-10  8.439797134063E-10  9.477178674550E-43
  1.000000000000E-02  6.200000000000E-01  1.377733632531E-09  4.904540509424E-10  8.872795815888E-10  2.755344355031E-42
  1.000000000000E-02  6.300000000000E-01  1.448231241561E-09  5.153912608626E-10  9.328399806989E-10  1.499938023253E-42
  1.000000000000E-02  6.400000000000E-01  1.522393319494E-09  5.416155707881E-10  9.807777487061E-10  1.665495579077E-42
  1.000000000000E-02  6.500000000000E-01  1.600408735639E-09  5.691929279862E-10  1.031215807653E-09  3.938129295310E-42
  1.000000000000E-02  6.600000000000E-01  1.682476156021E-09  5.981926767464E-10  1.084283479275E-09  2.545769615302E-42
  1.000000000000E-02  6.700000000000E-01  1.768804550014E-09  6.286877329638E-10  1.140116817050E-09  2.625005057603E-42
  1.000000000000E-02  6.800000000000E-01  1.859613723255E-09  6.607547677268E-10  1.198858955529E-09  2.707623406198E-42
  1.000000000000E-02  6.900000000000E-01  1.955134878207E-09  6.944744003695E-10  1.260660477837E-09  2.039139574665E-42
  1.000000000000E-02  7.000000000000E-01  2.055611203799E-09  7.299314014780E-10  1.325679802321E-09  2.666490455340E-42
  1.000000000000E-02  7.100000000000E-01  2.161298495653E-09  7.672149063603E-10  1.394083589292E-09  3.083965807594E-42
  1.000000000000E-02  7.200000000000E-01  2.272465808483E-09  8.064186395200E-10  1.466047168963E-09  1.921264142127E-42
  1.000000000000E-02  7.300000000000E-01  2.389396142330E-09  8.476411506978E-10  1.541754991632E-09  2.223552118705E-42
  1.000000000000E-02  7.400000000000E-01  2.512387164392E-09  8.909860630796E-10  1.621401101313E-09  3.416730073919E-42
  1.000000000000E-02  7.500000000000E-01  2.641751968287E-09  9.365623342937E-10  1.705189633994E-09  3.974316224954E-42
  1.000000000000E-02  7.600000000000E-01  2.777819872703E-09  9.844845308596E-10  1.793335341843E-09  3.447841257958E-42
  1.000000000000E-02  7.700000000000E-01  2.920937261456E-09  1.034873116778E-09  1.886064144677E-09  2.725766964998E-42
  1.000000000000E-02  7.800000000000E-01  3.071468467130E-09  1.087854756994E-09  1.983613710136E-09  9.007319833519E-42
  1.000000000000E-02  7.900000000000E-01  3.229796700536E-09  1.143562636494E-09  2.086234064042E-09  2.696065165624E-42
  1.000000000000E-02  8.000000000000E-01  3.396325028373E-09  1.202136795852E-09  2.194188232521E-09  4.852755182328E-42
  1.000000000000E-02  8.100000000000E-01  3.571477401599E-09  1.263724484060E-09  2.307752917539E-09  4.060957958176E-42
  1.000000000000E-02  8.200000000000E-01  3.755699737133E-09  1.328480529541E-09  2.427219207591E-09  1.188856345673E-41
  1.000000000000E-02  8.300000000000E-01  3.949461055657E-09  1.396567730290E-09  2.552893325366E-09  4.691247345449E-42
  1.000000000000E-02  8.400000000000E-01  4.153254678429E-09  1.468157264105E-09  2.685097414324E-09  2.918811841109E-42
  1.000000000000E-02  8.500000000000E-01  4.367599486166E-09  1.543429119969E-09  2.824170366197E-09  6.431758971585E-42
  1.000000000000E-02  8.600000000000E-01  4.593041243220E-09  1.622572551659E-09  2.970468691561E-09  5.988504849238E-42
  1.000000000000E-02  8.700000000000E-01  4.830153990432E-09  1.705786554732E-09  3.124367435700E-09  9.378112230256E-42
  1.000000000000E-02  8.800000000000E-01  5.079541510226E-09  1.793280368094E-09  3.286261142132E-09  7.033969690711E-42
  1.000000000000E-02  8.900000000000E-01  5.341838867698E-09  1.885274001418E-09  3.456564866281E-09  4.848744482380E-42
  1.000000000000E-02  9.000000000000E-01  5.617714031633E-09  1.981998789738E-09  3.635715241894E-09  8.803450711012E-42
  1.000000000000E-02  9.100000000000E-01  5.907869579603E-09  2.083697976643E-09  3.824171602960E-09  5.996277499896E-42
  1.000000000000E-02  9.200000000000E-01  6.213044491515E-09  2.190627327508E-09  4.022417164007E-09  9.143977506976E-42
  1.000000000000E-02  9.300000000000E-01  6.534016036183E-09  2.303055774350E-09  4.230960261833E-09  1.216869185456E-41
  1.000000000000E-02  9.400000000000E-01  6.871601755766E-09  2.421266093915E-09  4.450335661851E-09  2.848209731601E-42
  1.000000000000E-02  9.500000000000E-01  7.226661553146E-09  2.545555620713E-09  4.681105932434E-09  1.030207608654E-41
  1.000000000000E-02  9.600000000000E-01  7.600099887589E-09  2.676236996819E-09  4.923862890770E-09  9.421076672950E-42
  1.000000000000E-02  9.700000000000E-01  7.992868084303E-09  2.813638960315E-09  5.179229123987E-09  1.370271294208E-41
  1.000000000000E-02  9.800000000000E-01  8.405966763814E-09  2.958107174381E-09  5.447859589433E-09  1.237669859660E-41
  1.000000000000E-02  9.900000000000E-01  8.840448397380E-09  3.110005099124E-09  5.730443298255E-09  1.485317788589E-41
  1.000000000000E-02  1.000000000000E+00  9.297419994963E-09  3.269714908356E-09  6.027705086607E-09  1.341888334839E-41
