  1.000000000000E-02  1.000000129833E+00  9.999999169592E-01
  2.000000000000E-02  1.000000244240E+00  9.999996912243E-01
  3.000000000000E-02  1.000000405747E+00  9.999996347213E-01
  4.000000000000E-02  1.000000446979E+00  9.999996481610E-01
  5.000000000000E-02  1.000000445450E+00  9.999996758133E-01
  6.000000000000E-02  1.000000425062E+00  9.999997066418E-01
  7.000000000000E-02  1.000000397314E+00  9.999997357899E-01
  8.000000000000E-02  1.000000367448E+00  9.999997621461E-01
  9.000000000000E-02  1.000000337771E+00  9.999997856337E-01
  1.000000000000E-01  1.000000309343E+00  9.999998065167E-01
  1.100000000000E-01  1.000000282629E+00  9.999998251234E-01
  1.200000000000E-01  1.000000257801E+00  9.999998417566E-01
  1.300000000000E-01  1.000000234885E+00  9.999998566755E-01
  1.400000000000E-01  1.000000213831E+00  9.999998700951E-01
  1.500000000000E-01  1.000000194549E+00  9.999998821942E-01
  1.600000000000E-01  1.000000176929E+00  9.999998931228E-01
  1.700000000000E-01  1.000000160853E+00  9.999999030079E-01
  1.800000000000E-01  1.000000146204E+00  9.999999119584E-01
  1.900000000000E-01  1.000000132866E+00  9.999999200693E-01
  2.000000000000E-01  1.000000120729E+00  9.999999274237E-01
  2.100000000000E-01  1.000000109691E+00  9.999999340952E-01
  2.200000000000E-01  1.000000099655E+00  9.999999401493E-01
  2.300000000000E-01  1.000000090532E+00  9.999999456441E-01
  2.400000000000E-01  1.000000082242E+00  9.999999506324E-01
  2.500000000000E-01  1.000000074709E+00  9.999999551618E-01
  2.600000000000E-01  1.000000067864E+00  9.999999592748E-01
  2.700000000000E-01  1.000000061646E+00  9.999999630094E-01
  2.800000000000E-01  1.000000055996E+00  9.999999664014E-01
  2.900000000000E-01  1.000000050864E+00  9.999999694819E-01
  3.000000000000E-01  1.000000046203E+00  9.999999722799E-01
  3.100000000000E-01  1.000000041969E+00  9.999999748210E-01
  3.200000000000E-01  1.000000038122E+00  9.999999771290E-01
  3.300000000000E-01  1.000000034628E+00  9.999999792253E-01
  3.400000000000E-01  1.000000031455E+00  9.999999811295E-01
  3.500000000000E-01  1.000000028572E+00  9.999999828589E-01
  3.600000000000E-01  1.000000025954E+00  9.999999844299E-01
  3.700000000000E-01  1.000000023575E+00  9.999999858565E-01
  3.800000000000E-01  1.000000021415E+00  9.999999871528E-01
  3.900000000000E-01  1.000000019453E+00  9.999999883299E-01
  4.000000000000E-01  1.000000017671E+00  9.999999893993E-01
  4.100000000000E-01  1.000000016052E+00  9.999999903704E-01
  4.200000000000E-01  1.000000014582E+00  9.999999912527E-01
  4.300000000000E-01  1.000000013246E+00  9.999999920540E-01
  4.400000000000E-01  1.000000012033E+00  9.999999927818E-01
  4.500000000000E-01  1.000000010932E+00  9.999999934430E-01
  4.600000000000E-01  1.000000009930E+00  9.999999940436E-01
  4.700000000000E-01  1.000000009021E+00  9.999999945891E-01
  4.800000000000E-01  1.000000008196E+00  9.999999950846E-01
  4.900000000000E-01  1.000000007446E+00  9.999999955347E-01
  5.000000000000E-01  1.000000006765E+00  9.999999959435E-01
  5.100000000000E-01  1.000000006146E+00  9.999999963150E-01
  5.200000000000E-01  1.000000005585E+00  9.999999966525E-01
  5.300000000000E-01  1.000000005074E+00  9.999999969587E-01
  5.400000000000E-01  1.000000004611E+00  9.999999972373E-01
  5.500000000000E-01  1.000000004190E+00  9.999999974901E-01
  5.600000000000E-01  1.000000003807E+00  9.999999977199E-01
  5.700000000000E-01  1.000000003460E+00  9.999999979287E-01
  5.800000000000E-01  1.000000003145E+00  9.999999981184E-01
  5.900000000000E-01  1.000000002858E+00  9.999999982905E-01
  6.000000000000E-01  1.000000002598E+00  9.999999984471E-01
  6.100000000000E-01  1.000000002362E+00  9.999999985893E-01
  6.200000000000E-01  1.000000002147E+00  9.999999987185E-01
  6.300000000000E-01  1.000000001952E+00  9.999999988360E-01
  6.400000000000E-01  1.000000001776E+00  9.999999989428E-01
  6.500000000000E-01  1.000000001615E+00  9.999999990397E-01
  6.600000000000E-01  1.000000001469E+00  9.999999991278E-01
  6.700000000000E-01  1.000000001337E+00  9.999999992079E-01
  6.800000000000E-01  1.000000001217E+00  9.999999992808E-01
  6.900000000000E-01  1.000000001108E+00  9.999999993471E-01
  7.000000000000E-01  1.000000001009E+00  9.999999994072E-01
  7.100000000000E-01  1.000000000919E+00  9.999999994621E-01
  7.200000000000E-01  1.000000000837E+00  9.999999995117E-01
  7.300000000000E-01  1.000000000763E+00  9.999999995573E-01
  7.400000000000E-01  1.000000000696E+00  9.999999995986E-01
  7.500000000000E-01  1.000000000635E+00  9.999999996362E-01
  7.600000000000E-01  1.000000000580E+00  9.999999996703E-01
  7.700000000000E-01  1.000000000530E+00  9.999999997014E-01
  7.800000000000E-01  1.000000000485E+00  9.999999997300E-01
  7.900000000000E-01  1.000000000444E+00  9.999999997559E-01
  8.000000000000E-01  1.000000000407E+00  9.999999997796E-01
  8.100000000000E-01  1.000000000373E+00  9.999999998014E-01
  8.200000000000E-01  1.000000000343E+00  9.999999998210E-01
  8.300000000000E-01  1.000000000315E+00  9.999999998391E-01
  8.400000000000E-01  1.000000000290E+00  9.999999998557E-01
  8.500000000000E-01  1.000000000268E+00  9.999999998709E-01
  8.600000000000E-01  1.000000000247E+00  9.999999998848E-01
  8.700000000000E-01  1.000000000230E+00  9.999999998977E-01
  8.800000000000E-01  1.000000000213E+00  9.999999999096E-01
  8.900000000000E-01  1.000000000199E+00  9.999999999206E-01
  9.000000000000E-01  1.000000000185E+00  9.999999999308E-01
  9.100000000000E-01  1.000000000173E+00  9.999999999402E-01
  9.200000000000E-01  1.000000000163E+00  9.999999999490E-01
  9.300000000000E-01  1.000000000154E+00  9.999999999571E-01
  9.400000000000E-01  1.000000000146E+00  9.999999999649E-01
  9.500000000000E-01  1.000000000139E+00  9.999999999720E-01
  9.600000000000E-01  1.000000000132E+00  9.999999999789E-01
  9.700000000000E-01  1.000000000127E+00  9.999999999853E-01
  9.800000000000E-01  1.000000000122E+00  9.999999999916E-01
  9.900000000000E-01  1.000000000118E+00  9.999999999975E-01
  1.000000000000E+00  1.000000000115E+00  1.000000000003E+00
