  1.000000000000E-02  1.000010695244E+00  9.999917760716E-01
  2.000000000000E-02  1.000035590430E+00  9.999753767406E-01
  3.000000000000E-02  1.000047453391E+00  9.999688605593E-01
  4.000000000000E-02  1.000050106877E+00  9.999680481462E-01
  5.000000000000E-02  1.000048627714E+00  9.999695414826E-01
  6.000000000000E-02  1.000045570239E+00  9.999718068344E-01
  7.000000000000E-02  1.000042024362E+00  9.999742086780E-01
  8.000000000000E-02  1.000038488293E+00  9.999765266764E-01
  9.000000000000E-02  1.000035115097E+00  9.999786804730E-01
  1.000000000000E-01  1.000031989768E+00  9.999806497818E-01
  1.100000000000E-01  1.000029108093E+00  9.999824316770E-01
  1.200000000000E-01  1.000026468733E+00  9.999840583163E-01
  1.300000000000E-01  1.000024070976E+00  9.999855300097E-01
  1.400000000000E-01  1.000021869980E+00  9.999868667515E-01
  1.500000000000E-01  1.000019877544E+00  9.999880718118E-01
  1.600000000000E-01  1.000018064507E+00  9.999891702852E-01
  1.700000000000E-01  1.000016417225E+00  9.999901665083E-01
  1.800000000000E-01  1.000014905794E+00  9.999910673745E-01
  1.900000000000E-01  1.000013549763E+00  9.999918842735E-01
  2.000000000000E-01  1.000012303824E+00  9.999926385737E-01
  2.100000000000E-01  1.000011185214E+00  9.999933130046E-01
  2.200000000000E-01  1.000010158310E+00  9.999939288963E-01
  2.300000000000E-01  1.000009223220E+00  9.999944814040E-01
  2.400000000000E-01  1.000008384985E+00  9.999949922088E-01
  2.500000000000E-01  1.000007612975E+00  9.999954517459E-01
  2.600000000000E-01  1.000006932043E+00  9.999958720532E-01
  2.700000000000E-01  1.000006292371E+00  9.999962505159E-01
  2.800000000000E-01  1.000005722393E+00  9.999965957594E-01
  2.900000000000E-01  1.000005186361E+00  9.999969088635E-01
  3.000000000000E-01  1.000004717252E+00  9.999972001617E-01
  3.100000000000E-01  1.000004281704E+00  9.999974555328E-01
  3.200000000000E-01  1.000003888150E+00  9.999976844580E-01
  3.300000000000E-01  1.000003532175E+00  9.999979029172E-01
  3.400000000000E-01  1.000003226990E+00  9.999980949780E-01
  3.500000000000E-01  1.000002933527E+00  9.999982738989E-01
  3.600000000000E-01  1.000002663789E+00  9.999984329978E-01
  3.700000000000E-01  1.000002418990E+00  9.999985779633E-01
  3.800000000000E-01  1.000002195402E+00  9.999987112386E-01
  3.900000000000E-01  1.000001992809E+00  9.999988295038E-01
  4.000000000000E-01  1.000001817360E+00  9.999989405265E-01
  4.100000000000E-01  1.000001648748E+00  9.999990413187E-01
  4.200000000000E-01  1.000001512543E+00  9.999991299129E-01
  4.300000000000E-01  1.000001367663E+00  9.999992139979E-01
  4.400000000000E-01  1.000001241759E+00  9.999992878208E-01
  4.500000000000E-01  1.000001129363E+00  9.999993553718E-01
  4.600000000000E-01  1.000001027824E+00  9.999994164183E-01
  4.700000000000E-01  1.000000939760E+00  9.999994725371E-01
  4.800000000000E-01  1.000000850448E+00  9.999995191551E-01
  4.900000000000E-01  1.000000777414E+00  9.999995703122E-01
  5.000000000000E-01  1.000000709141E+00  9.999996116548E-01
  5.100000000000E-01  1.000000654291E+00  9.999996494430E-01
  5.200000000000E-01  1.000000598881E+00  9.999996871195E-01
  5.300000000000E-01  1.000000534914E+00  9.999997156815E-01
  5.400000000000E-01  1.000000498639E+00  9.999997463377E-01
  5.500000000000E-01  1.000000446364E+00  9.999997718795E-01
  5.600000000000E-01  1.000000418371E+00  9.999997979638E-01
  5.700000000000E-01  1.000000386122E+00  9.999998211632E-01
  5.800000000000E-01  1.000000351128E+00  9.999998389712E-01
  5.900000000000E-01  1.000000314826E+00  9.999998583889E-01
  6.000000000000E-01  1.000000293197E+00  9.999998697538E-01
  6.100000000000E-01  1.000000271437E+00  9.999998900488E-01
  6.200000000000E-01  1.000000253482E+00  9.999999022621E-01
  6.300000000000E-01  1.000000237516E+00  9.999999163877E-01
  6.400000000000E-01  1.000000213394E+00  9.999999286694E-01
  6.500000000000E-01  1.000000194418E+00  9.999999427180E-01
  6.600000000000E-01  1.000000180779E+00  9.999999449531E-01
  6.700000000000E-01  1.000000171761E+00  9.999999559565E-01
  6.800000000000E-01  1.000000159923E+00  9.999999637009E-01
  6.900000000000E-01  1.000000148230E+00  9.999999707614E-01
  7.000000000000E-01  1.000000138680E+00  9.999999787021E-01
  7.100000000000E-01  1.000000130540E+00  9.999999892830E-01
  7.200000000000E-01  1.000000125878E+00  9.999999943109E-01
  7.300000000000E-01  1.000000112740E+00  1.000000000308E+00
  7.400000000000E-01  1.000000110036E+00  1.000000006326E+00
  7.500000000000E-01  1.000000106478E+00  1.000000010169E+00
  7.600000000000E-01  1.000000095472E+00  1.000000013207E+00
  7.700000000000E-01  1.000000101808E+00  1.000000022250E+00
  7.800000000000E-01  1.000000095186E+00  1.000000024950E+00
  7.900000000000E-01  1.000000093046E+00  1.000000028846E+00
  8.000000000000E-01  1.000000097480E+00  1.000000028192E+00
  8.100000000000E-01  1.000000099994E+00  1.000000039650E+00
  8.200000000000E-01  1.000000096207E+00  1.000000041153E+00
  8.300000000000E-01  1.000000089498E+00  1.000000044208E+00
  8.400000000000E-01  1.000000093061E+00  1.000000051146E+00
  8.500000000000E-01  1.000000084519E+00  1.000000050665E+00
  8.600000000000E-01  1.000000094526E+00  1.000000054277E+00
  8.700000000000E-01  1.000000083259E+00  1.000000059746E+00
  8.800000000000E-01  1.000000093241E+00  1.000000056312E+00
  8.900000000000E-01  1.000000093939E+00  1.000000064950E+00
  9.000000000000E-01  1.000000082112E+00  1.000000067642E+00
  9.100000000000E-01  1.000000104911E+00  1.000000072889E+00
  9.200000000000E-01  1.000000103218E+00  1.000000073952E+00
  9.300000000000E-01  1.000000086896E+00  1.000000077788E+00
  9.400000000000E-01  1.000000099752E+00  1.000000079609E+00
  9.500000000000E-01  1.000000095179E+00  1.000000084872E+00
  9.600000000000E-01  1.000000104557E+00  1.000000087523E+00
  9.700000000000E-01  1.000000091349E+00  1.000000092825E+00
  9.800000000000E-01  1.000000109528E+00  1.000000094997E+00
  9.900000000000E-01  1.000000105335E+00  1.000000101088E+00
  1.000000000000E+00  1.000000110845E+00  1.000000103944E+00
  1.010000000000E+00  1.000000113939E+00  1.000000106060E+00
  1.020000000000E+00  1.000000116197E+00  1.000000109824E+00
  1.030000000000E+00  1.000000122932E+00  1.000000115331E+00
  1.040000000000E+00  1.000000119720E+00  1.000000117770E+00
  1.050000000000E+00  1.000000124180E+00  1.000000124782E+00
  1.060000000000E+00  1.000000121364E+00  1.000000126208E+00
  1.070000000000E+00  1.000000130557E+00  1.000000124600E+00
  1.080000000000E+00  1.000000132408E+00  1.000000133606E+00
  1.090000000000E+00  1.000000137828E+00  1.000000141360E+00
  1.100000000000E+00  1.000000148010E+00  1.000000141255E+00
  1.110000000000E+00  1.000000149882E+00  1.000000152151E+00
  1.120000000000E+00  1.000000153264E+00  1.000000153231E+00
  1.130000000000E+00  1.000000155133E+00  1.000000159754E+00
  1.140000000000E+00  1.000000164130E+00  1.000000165708E+00
  1.150000000000E+00  1.000000171375E+00  1.000000174609E+00
  1.160000000000E+00  1.000000171001E+00  1.000000175158E+00
  1.170000000000E+00  1.000000172377E+00  1.000000183923E+00
  1.180000000000E+00  1.000000188746E+00  1.000000189709E+00
  1.190000000000E+00  1.000000185977E+00  1.000000190095E+00
  1.200000000000E+00  1.000000201260E+00  1.000000199661E+00
  1.210000000000E+00  1.000000204073E+00  1.000000207527E+00
  1.220000000000E+00  1.000000217398E+00  1.000000217537E+00
  1.230000000000E+00  1.000000218923E+00  1.000000221421E+00
  1.240000000000E+00  1.000000230069E+00  1.000000232789E+00
  1.250000000000E+00  1.000000236610E+00  1.000000242238E+00
  1.260000000000E+00  1.000000244116E+00  1.000000245796E+00
  1.270000000000E+00  1.000000254392E+00  1.000000251105E+00
  1.280000000000E+00  1.000000261127E+00  1.000000262617E+00
  1.290000000000E+00  1.000000270649E+00  1.000000271069E+00
  1.300000000000E+00  1.000000275977E+00  1.000000282901E+00
  1.310000000000E+00  1.000000282760E+00  1.000000290111E+00
  1.320000000000E+00  1.000000293215E+00  1.000000299195E+00
  1.330000000000E+00  1.000000306345E+00  1.000000306327E+00
  1.340000000000E+00  1.000000305621E+00  1.000000320526E+00
  1.350000000000E+00  1.000000325662E+00  1.000000331399E+00
  1.360000000000E+00  1.000000330957E+00  1.000000344818E+00
  1.370000000000E+00  1.000000346459E+00  1.000000356018E+00
  1.380000000000E+00  1.000000356116E+00  1.000000364480E+00
  1.390000000000E+00  1.000000369375E+00  1.000000375549E+00
  1.400000000000E+00  1.000000384587E+00  1.000000392787E+00
  1.410000000000E+00  1.000000399169E+00  1.000000405606E+00
  1.420000000000E+00  1.000000422219E+00  1.000000417955E+00
  1.430000000000E+00  1.000000423876E+00  1.000000436356E+00
  1.440000000000E+00  1.000000436551E+00  1.000000447878E+00
  1.450000000000E+00  1.000000451920E+00  1.000000460636E+00
  1.460000000000E+00  1.000000457044E+00  1.000000474578E+00
  1.470000000000E+00  1.000000474570E+00  1.000000496120E+00
  1.480000000000E+00  1.000000498811E+00  1.000000509628E+00
  1.490000000000E+00  1.000000519405E+00  1.000000526403E+00
  1.500000000000E+00  1.000000530855E+00  1.000000547584E+00
  1.510000000000E+00  1.000000548767E+00  1.000000564271E+00
  1.520000000000E+00  1.000000574436E+00  1.000000585017E+00
  1.530000000000E+00  1.000000585064E+00  1.000000601618E+00
  1.540000000000E+00  1.000000610757E+00  1.000000621355E+00
  1.550000000000E+00  1.000000629955E+00  1.000000646407E+00
  1.560000000000E+00  1.000000654212E+00  1.000000671340E+00
  1.570000000000E+00  1.000000680240E+00  1.000000689570E+00
  1.580000000000E+00  1.000000708800E+00  1.000000712033E+00
  1.590000000000E+00  1.000000727568E+00  1.000000739321E+00
  1.600000000000E+00  1.000000736053E+00  1.000000765771E+00
  1.610000000000E+00  1.000000764780E+00  1.000000786415E+00
  1.620000000000E+00  1.000000802609E+00  1.000000816703E+00
  1.630000000000E+00  1.000000819076E+00  1.000000851152E+00
  1.640000000000E+00  1.000000846312E+00  1.000000875520E+00
  1.650000000000E+00  1.000000883483E+00  1.000000905536E+00
  1.660000000000E+00  1.000000915344E+00  1.000000938445E+00
  1.670000000000E+00  1.000000946964E+00  1.000000967458E+00
  1.680000000000E+00  1.000000981426E+00  1.000001004282E+00
  1.690000000000E+00  1.000001004896E+00  1.000001035607E+00
  1.700000000000E+00  1.000001052903E+00  1.000001070099E+00
  1.710000000000E+00  1.000001080809E+00  1.000001108428E+00
  1.720000000000E+00  1.000001117577E+00  1.000001144138E+00
  1.730000000000E+00  1.000001161475E+00  1.000001187400E+00
  1.740000000000E+00  1.000001200498E+00  1.000001223540E+00
  1.750000000000E+00  1.000001242272E+00  1.000001268953E+00
  1.760000000000E+00  1.000001276039E+00  1.000001315181E+00
  1.770000000000E+00  1.000001325743E+00  1.000001355231E+00
  1.780000000000E+00  1.000001377807E+00  1.000001403286E+00
  1.790000000000E+00  1.000001411782E+00  1.000001453477E+00
  1.800000000000E+00  1.000001462593E+00  1.000001498297E+00
  1.810000000000E+00  1.000001513622E+00  1.000001548390E+00
  1.820000000000E+00  1.000001567830E+00  1.000001607348E+00
  1.830000000000E+00  1.000001614314E+00  1.000001657431E+00
  1.840000000000E+00  1.000001683437E+00  1.000001718828E+00
  1.850000000000E+00  1.000001736456E+00  1.000001775966E+00
  1.860000000000E+00  1.000001796460E+00  1.000001839075E+00
  1.870000000000E+00  1.000001861207E+00  1.000001900239E+00
  1.880000000000E+00  1.000001918346E+00  1.000001962869E+00
  1.890000000000E+00  1.000001989126E+00  1.000002032913E+00
  1.900000000000E+00  1.000002045441E+00  1.000002101080E+00
  1.910000000000E+00  1.000002125951E+00  1.000002176023E+00
  1.920000000000E+00  1.000002205198E+00  1.000002249542E+00
  1.930000000000E+00  1.000002268649E+00  1.000002329892E+00
  1.940000000000E+00  1.000002347378E+00  1.000002406427E+00
  1.950000000000E+00  1.000002440062E+00  1.000002488391E+00
  1.960000000000E+00  1.000002518162E+00  1.000002579027E+00
  1.970000000000E+00  1.000002602287E+00  1.000002662246E+00
  1.980000000000E+00  1.000002698837E+00  1.000002754415E+00
  1.990000000000E+00  1.000002783976E+00  1.000002855208E+00
  2.000000000000E+00  1.000002891340E+00  1.000002947002E+00
  2.010000000000E+00  1.000002977243E+00  1.000003056623E+00
  2.020000000000E+00  1.000003087313E+00  1.000003155744E+00
  2.030000000000E+00  1.000003190748E+00  1.000003267495E+00
  2.040000000000E+00  1.000003304598E+00  1.000003379197E+00
  2.050000000000E+00  1.000003412396E+00  1.000003494001E+00
  2.060000000000E+00  1.000003529288E+00  1.000003612572E+00
  2.070000000000E+00  1.000003648473E+00  1.000003737785E+00
  2.080000000000E+00  1.000003790974E+00  1.000003864843E+00
  2.090000000000E+00  1.000003910060E+00  1.000003999650E+00
  2.100000000000E+00  1.000004051829E+00  1.000004142915E+00
  2.110000000000E+00  1.000004179197E+00  1.000004283989E+00
  2.120000000000E+00  1.000004336157E+00  1.000004425761E+00
  2.130000000000E+00  1.000004481462E+00  1.000004583316E+00
  2.140000000000E+00  1.000004633863E+00  1.000004741620E+00
  2.150000000000E+00  1.000004803947E+00  1.000004901779E+00
  2.160000000000E+00  1.000004955898E+00  1.000005074511E+00
  2.170000000000E+00  1.000005134164E+00  1.000005249360E+00
  2.180000000000E+00  1.000005314800E+00  1.000005429422E+00
  2.190000000000E+00  1.000005485306E+00  1.000005615478E+00
  2.200000000000E+00  1.000005677874E+00  1.000005807290E+00
  2.210000000000E+00  1.000005873507E+00  1.000006007383E+00
  2.220000000000E+00  1.000006083122E+00  1.000006219896E+00
  2.230000000000E+00  1.000006286094E+00  1.000006433773E+00
  2.240000000000E+00  1.000006514593E+00  1.000006654037E+00
  2.250000000000E+00  1.000006727436E+00  1.000006885211E+00
  2.260000000000E+00  1.000006956594E+00  1.000007122642E+00
  2.270000000000E+00  1.000007196931E+00  1.000007364820E+00
  2.280000000000E+00  1.000007441760E+00  1.000007617772E+00
  2.290000000000E+00  1.000007711757E+00  1.000007880248E+00
  2.300000000000E+00  1.000007972329E+00  1.000008152645E+00
  2.310000000000E+00  1.000008248436E+00  1.000008434975E+00
  2.320000000000E+00  1.000008533654E+00  1.000008727688E+00
  2.330000000000E+00  1.000008823871E+00  1.000009027211E+00
  2.340000000000E+00  1.000009130554E+00  1.000009340494E+00
  2.350000000000E+00  1.000009441498E+00  1.000009660806E+00
  2.360000000000E+00  1.000009775081E+00  1.000009998075E+00
  2.370000000000E+00  1.000010108020E+00  1.000010336671E+00
  2.380000000000E+00  1.000010464769E+00  1.000010698983E+00
  2.390000000000E+00  1.000010832976E+00  1.000011065969E+00
  2.400000000000E+00  1.000011199209E+00  1.000011448480E+00
  2.410000000000E+00  1.000011583903E+00  1.000011846229E+00
  2.420000000000E+00  1.000011980867E+00  1.000012256202E+00
  2.430000000000E+00  1.000012396349E+00  1.000012671582E+00
  2.440000000000E+00  1.000012816605E+00  1.000013111287E+00
  2.450000000000E+00  1.000013268827E+00  1.000013566597E+00
  2.460000000000E+00  1.000013723844E+00  1.000014033680E+00
  2.470000000000E+00  1.000014193193E+00  1.000014521027E+00
  2.480000000000E+00  1.000014690327E+00  1.000015017664E+00
  2.490000000000E+00  1.000015193817E+00  1.000015541190E+00
  2.500000000000E+00  1.000015719752E+00  1.000016076527E+00
  2.510000000000E+00  1.000016264090E+00  1.000016629829E+00
  2.520000000000E+00  1.000016815696E+00  1.000017205531E+00
  2.530000000000E+00  1.000017404228E+00  1.000017795809E+00
  2.540000000000E+00  1.000018005925E+00  1.000018413434E+00
  2.550000000000E+00  1.000018625191E+00  1.000019046819E+00
  2.560000000000E+00  1.000019273934E+00  1.000019706309E+00
  2.570000000000E+00  1.000019932043E+00  1.000020387696E+00
  2.580000000000E+00  1.000020633442E+00  1.000021090818E+00
  2.590000000000E+00  1.000021342627E+00  1.000021820402E+00
  2.600000000000E+00  1.000022067392E+00  1.000022570988E+00
  2.610000000000E+00  1.000022831322E+00  1.000023352343E+00
  2.620000000000E+00  1.000023620212E+00  1.000024159493E+00
  2.630000000000E+00  1.000024441999E+00  1.000024992987E+00
  2.640000000000E+00  1.000025281622E+00  1.000025853135E+00
  2.650000000000E+00  1.000026158979E+00  1.000026744933E+00
  2.660000000000E+00  1.000027056236E+00  1.000027671750E+00
  2.670000000000E+00  1.000027993114E+00  1.000028627830E+00
  2.680000000000E+00  1.000028959440E+00  1.000029617439E+00
  2.690000000000E+00  1.000029964507E+00  1.000030637178E+00
  2.700000000000E+00  1.000031001440E+00  1.000031696116E+00
  2.710000000000E+00  1.000032067064E+00  1.000032796415E+00
  2.720000000000E+00  1.000033180792E+00  1.000033923546E+00
  2.730000000000E+00  1.000034322696E+00  1.000035093794E+00
  2.740000000000E+00  1.000035506732E+00  1.000036308101E+00
  2.750000000000E+00  1.000036732580E+00  1.000037561425E+00
  2.760000000000E+00  1.000038000071E+00  1.000038859347E+00
  2.770000000000E+00  1.000039313287E+00  1.000040200475E+00
  2.780000000000E+00  1.000040670615E+00  1.000041591234E+00
  2.790000000000E+00  1.000042069956E+00  1.000043027557E+00
  2.800000000000E+00  1.000043541348E+00  1.000044509995E+00
  2.810000000000E+00  1.000045034157E+00  1.000046047100E+00
  2.820000000000E+00  1.000046579617E+00  1.000047638952E+00
  2.830000000000E+00  1.000048195394E+00  1.000049281101E+00
  2.840000000000E+00  1.000049855254E+00  1.000050987662E+00
  2.850000000000E+00  1.000051580851E+00  1.000052748149E+00
  2.860000000000E+00  1.000053367845E+00  1.000054569193E+00
  2.870000000000E+00  1.000055210358E+00  1.000056459823E+00
  2.880000000000E+00  1.000057116112E+00  1.000058407664E+00
  2.890000000000E+00  1.000059092761E+00  1.000060423877E+00
  2.900000000000E+00  1.000061123200E+00  1.000062506595E+00
  2.910000000000E+00  1.000063246479E+00  1.000064666364E+00
  2.920000000000E+00  1.000065425261E+00  1.000066901556E+00
  2.930000000000E+00  1.000067678439E+00  1.000069214907E+00
  2.940000000000E+00  1.000070022697E+00  1.000071601426E+00
  2.950000000000E+00  1.000072438617E+00  1.000074075585E+00
  2.960000000000E+00  1.000074940135E+00  1.000076633466E+00
  2.970000000000E+00  1.000077523314E+00  1.000079284038E+00
  2.980000000000E+00  1.000080209336E+00  1.000082014365E+00
  2.990000000000E+00  1.000082974961E+00  1.000084853570E+00
  3.000000000000E+00  1.000085842630E+00  1.000087778629E+00
  3.010000000000E+00  1.000088804783E+00  1.000090811308E+00
  3.020000000000E+00  1.000091870385E+00  1.000093948643E+00
  3.030000000000E+00  1.000095045438E+00  1.000097194946E+00
  3.040000000000E+00  1.000098323771E+00  1.000100552123E+00
  3.050000000000E+00  1.000101727371E+00  1.000104021920E+00
  3.060000000000E+00  1.000105233537E+00  1.000107615095E+00
  3.070000000000E+00  1.000108866607E+00  1.000111333756E+00
  3.080000000000E+00  1.000112633666E+00  1.000115178739E+00
  3.090000000000E+00  1.000116519508E+00  1.000119150146E+00
  3.100000000000E+00  1.000120553791E+00  1.000123268284E+00
  3.110000000000E+00  1.000124713802E+00  1.000127525328E+00
  3.120000000000E+00  1.000129009442E+00  1.000131931728E+00
  3.130000000000E+00  1.000133458357E+00  1.000136486136E+00
  3.140000000000E+00  1.000138073352E+00  1.000141191552E+00
  3.150000000000E+00  1.000142845413E+00  1.000146069466E+00
  3.160000000000E+00  1.000147772922E+00  1.000151109069E+00
  3.170000000000E+00  1.000152875742E+00  1.000156328237E+00
  3.180000000000E+00  1.000158167781E+00  1.000161722747E+00
  3.190000000000E+00  1.000163626210E+00  1.000167311362E+00
  3.200000000000E+00  1.000169263658E+00  1.000173088607E+00
  3.210000000000E+00  1.000175098628E+00  1.000179063607E+00
  3.220000000000E+00  1.000181153880E+00  1.000185242337E+00
  3.230000000000E+00  1.000187411782E+00  1.000191636087E+00
  3.240000000000E+00  1.000193873294E+00  1.000198251759E+00
  3.250000000000E+00  1.000200562798E+00  1.000205097796E+00
  3.260000000000E+00  1.000207487220E+00  1.000212173852E+00
  3.270000000000E+00  1.000214646358E+00  1.000219497979E+00
  3.280000000000E+00  1.000222066603E+00  1.000227075426E+00
  3.290000000000E+00  1.000229720090E+00  1.000234907798E+00
  3.300000000000E+00  1.000237651815E+00  1.000243019670E+00
  3.310000000000E+00  1.000245852986E+00  1.000251401420E+00
  3.320000000000E+00  1.000254342094E+00  1.000260077989E+00
  3.330000000000E+00  1.000263121996E+00  1.000269055788E+00
  3.340000000000E+00  1.000272198389E+00  1.000278339396E+00
  3.350000000000E+00  1.000281592116E+00  1.000287935712E+00
  3.360000000000E+00  1.000291301564E+00  1.000297874132E+00
  3.370000000000E+00  1.000301355451E+00  1.000308152238E+00
  3.380000000000E+00  1.000311739323E+00  1.000318781686E+00
  3.390000000000E+00  1.000322500486E+00  1.000329777203E+00
  3.400000000000E+00  1.000333625893E+00  1.000341154289E+00
  3.410000000000E+00  1.000345144059E+00  1.000352920863E+00
  3.420000000000E+00  1.000357035440E+00  1.000365087867E+00
  3.430000000000E+00  1.000369357125E+00  1.000377682696E+00
  3.440000000000E+00  1.000382085807E+00  1.000390707268E+00
  3.450000000000E+00  1.000395264747E+00  1.000404170796E+00
  3.460000000000E+00  1.000408899955E+00  1.000418108541E+00
  3.470000000000E+00  1.000423002467E+00  1.000432526190E+00
  3.480000000000E+00  1.000437575534E+00  1.000447435796E+00
  3.490000000000E+00  1.000452668923E+00  1.000462855568E+00
  3.500000000000E+00  1.000468261418E+00  1.000478812607E+00
  3.510000000000E+00  1.000484401807E+00  1.000495312275E+00
  3.520000000000E+00  1.000501101745E+00  1.000512382043E+00
  3.530000000000E+00  1.000518371811E+00  1.000530035240E+00
  3.540000000000E+00  1.000536229239E+00  1.000548293556E+00
  3.550000000000E+00  1.000554714673E+00  1.000567183062E+00
  3.560000000000E+00  1.000573813048E+00  1.000586723265E+00
  3.570000000000E+00  1.000593585541E+00  1.000606929551E+00
  3.580000000000E+00  1.000614028237E+00  1.000627837331E+00
  3.590000000000E+00  1.000635181305E+00  1.000649453444E+00
  3.600000000000E+00  1.000657053572E+00  1.000671813134E+00
  3.610000000000E+00  1.000679666100E+00  1.000694936170E+00
  3.620000000000E+00  1.000703063173E+00  1.000718856220E+00
  3.630000000000E+00  1.000727266286E+00  1.000743597024E+00
  3.640000000000E+00  1.000752299337E+00  1.000769185856E+00
  3.650000000000E+00  1.000778190192E+00  1.000795653487E+00
  3.660000000000E+00  1.000804977069E+00  1.000823024741E+00
  3.670000000000E+00  1.000832663250E+00  1.000851331460E+00
  3.680000000000E+00  1.000861304133E+00  1.000880611019E+00
  3.690000000000E+00  1.000890924153E+00  1.000910886891E+00
  3.700000000000E+00  1.000921561042E+00  1.000942199817E+00
  3.710000000000E+00  1.000953238812E+00  1.000974588680E+00
  3.720000000000E+00  1.000986014991E+00  1.001008082348E+00
  3.730000000000E+00  1.001019893723E+00  1.001042712617E+00
  3.740000000000E+00  1.001054940589E+00  1.001078536706E+00
  3.750000000000E+00  1.001091170831E+00  1.001115576545E+00
  3.760000000000E+00  1.001128653866E+00  1.001153885331E+00
  3.770000000000E+00  1.001167413854E+00  1.001193493518E+00
  3.780000000000E+00  1.001207498340E+00  1.001234456795E+00
  3.790000000000E+00  1.001248935915E+00  1.001276814142E+00
  3.800000000000E+00  1.001291803179E+00  1.001320617885E+00
  3.810000000000E+00  1.001336113604E+00  1.001365913138E+00
  3.820000000000E+00  1.001381945037E+00  1.001412748616E+00
  3.830000000000E+00  1.001429331849E+00  1.001461172081E+00
  3.840000000000E+00  1.001478327434E+00  1.001511239647E+00
  3.850000000000E+00  1.001528999758E+00  1.001563017672E+00
  3.860000000000E+00  1.001581381132E+00  1.001616550959E+00
  3.870000000000E+00  1.001635540347E+00  1.001671893385E+00
  3.880000000000E+00  1.001691551096E+00  1.001729121344E+00
  3.890000000000E+00  1.001749456862E+00  1.001788277664E+00
  3.900000000000E+00  1.001809319939E+00  1.001849443294E+00
  3.910000000000E+00  1.001871204195E+00  1.001912678299E+00
  3.920000000000E+00  1.001935188168E+00  1.001978052814E+00
  3.930000000000E+00  1.002001335992E+00  1.002045630658E+00
  3.940000000000E+00  1.002069729605E+00  1.002115497561E+00
  3.950000000000E+00  1.002140413465E+00  1.002187716318E+00
  3.960000000000E+00  1.002213487734E+00  1.002262371720E+00
  3.970000000000E+00  1.002289034044E+00  1.002339531832E+00
  3.980000000000E+00  1.002367115191E+00  1.002419300733E+00
  3.990000000000E+00  1.002447836676E+00  1.002501745209E+00
  4.000000000000E+00  1.002531258040E+00  1.002586958503E+00
  4.010000000000E+00  1.002617483502E+00  1.002675029103E+00
  4.020000000000E+00  1.002706623286E+00  1.002766051968E+00
  4.030000000000E+00  1.002798720595E+00  1.002860123524E+00
  4.040000000000E+00  1.002893916346E+00  1.002957332530E+00
  4.050000000000E+00  1.002992298718E+00  1.003057798085E+00
  4.060000000000E+00  1.003093964932E+00  1.003161607209E+00
  4.070000000000E+00  1.003199022259E+00  1.003268882372E+00
  4.080000000000E+00  1.003307573513E+00  1.003379719419E+00
  4.090000000000E+00  1.003419756050E+00  1.003494244410E+00
  4.100000000000E+00  1.003535655473E+00  1.003612575526E+00
  4.110000000000E+00  1.003655405573E+00  1.003734817650E+00
  4.120000000000E+00  1.003779125349E+00  1.003861116978E+00
  4.130000000000E+00  1.003906945721E+00  1.003991579231E+00
  4.140000000000E+00  1.004038989712E+00  1.004126355209E+00
  4.150000000000E+00  1.004175390393E+00  1.004265566553E+00
  4.160000000000E+00  1.004316282937E+00  1.004409352092E+00
  4.170000000000E+00  1.004461806000E+00  1.004557860062E+00
  4.180000000000E+00  1.004612127531E+00  1.004711235511E+00
  4.190000000000E+00  1.004767364957E+00  1.004869626047E+00
  4.200000000000E+00  1.004927690012E+00  1.005033191152E+00
  4.210000000000E+00  1.005093235549E+00  1.005202081813E+00
  4.220000000000E+00  1.005264197068E+00  1.005376471635E+00
  4.230000000000E+00  1.005440710455E+00  1.005556510614E+00
  4.240000000000E+00  1.005622950239E+00  1.005742381986E+00
  4.250000000000E+00  1.005811101844E+00  1.005934258659E+00
  4.260000000000E+00  1.006005330354E+00  1.006132318304E+00
  4.270000000000E+00  1.006205835038E+00  1.006336746270E+00
  4.280000000000E+00  1.006412775085E+00  1.006547729412E+00
  4.290000000000E+00  1.006626348518E+00  1.006765463472E+00
  4.300000000000E+00  1.006846768871E+00  1.006990144966E+00
  4.310000000000E+00  1.007074228182E+00  1.007221968235E+00
  4.320000000000E+00  1.007308922005E+00  1.007461149251E+00
  4.330000000000E+00  1.007551070453E+00  1.007707891669E+00
  4.340000000000E+00  1.007800882685E+00  1.007962411584E+00
  4.350000000000E+00  1.008058573783E+00  1.008224939410E+00
  4.360000000000E+00  1.008324372034E+00  1.008495678358E+00
  4.370000000000E+00  1.008598502223E+00  1.008774877388E+00
  4.380000000000E+00  1.008881181940E+00  1.009062762135E+00
  4.390000000000E+00  1.009172682778E+00  1.009359567799E+00
  4.400000000000E+00  1.009473224183E+00  1.009665531395E+00
  4.410000000000E+00  1.009783056020E+00  1.009980916648E+00
  4.420000000000E+00  1.010102410540E+00  1.010305955760E+00
  4.430000000000E+00  1.010431558834E+00  1.010640912601E+00
  4.440000000000E+00  1.010770766175E+00  1.010986037693E+00
  4.450000000000E+00  1.011120272502E+00  1.011341597222E+00
  4.460000000000E+00  1.011480368058E+00  1.011707859327E+00
  4.470000000000E+00  1.011851311147E+00  1.012085089945E+00
  4.480000000000E+00  1.012233356974E+00  1.012473558009E+00
  4.490000000000E+00  1.012626812682E+00  1.012873547444E+00
  4.500000000000E+00  1.013031946590E+00  1.013285330954E+00
  4.510000000000E+00  1.013449028118E+00  1.013709183050E+00
  4.520000000000E+00  1.013878353025E+00  1.014145397271E+00
  4.530000000000E+00  1.014320222259E+00  1.014594249565E+00
  4.540000000000E+00  1.014774913792E+00  1.015056037328E+00
  4.550000000000E+00  1.015242699395E+00  1.015531043028E+00
  4.560000000000E+00  1.015723904642E+00  1.016019545653E+00
  4.570000000000E+00  1.016218790561E+00  1.016521847964E+00
  4.580000000000E+00  1.016727678702E+00  1.017038233953E+00
  4.590000000000E+00  1.017250855659E+00  1.017568991063E+00
  4.600000000000E+00  1.017788615206E+00  1.018114407273E+00
  4.610000000000E+00  1.018341241958E+00  1.018674769149E+00
  4.620000000000E+00  1.018909017440E+00  1.019250367817E+00
  4.630000000000E+00  1.019492267710E+00  1.019841484849E+00
  4.640000000000E+00  1.020091237593E+00  1.020448382354E+00
  4.650000000000E+00  1.020706240034E+00  1.021071359349E+00
  4.660000000000E+00  1.021337542045E+00  1.021710665441E+00
  4.670000000000E+00  1.021985418798E+00  1.022366581376E+00
  4.680000000000E+00  1.022650156073E+00  1.023039362616E+00
  4.690000000000E+00  1.023332014225E+00  1.023729256256E+00
  4.700000000000E+00  1.024031210750E+00  1.024436510840E+00
  4.710000000000E+00  1.024748051373E+00  1.025161364076E+00
  4.720000000000E+00  1.025482735184E+00  1.025904044085E+00
  4.730000000000E+00  1.026235513270E+00  1.026664768538E+00
  4.740000000000E+00  1.027006583176E+00  1.027443741908E+00
  4.750000000000E+00  1.027796191130E+00  1.028241162295E+00
  4.760000000000E+00  1.028604514586E+00  1.029057203887E+00
  4.770000000000E+00  1.029431718216E+00  1.029892039049E+00
  4.780000000000E+00  1.030278014771E+00  1.030745828028E+00
  4.790000000000E+00  1.031143520044E+00  1.031618690348E+00
  4.800000000000E+00  1.032028383528E+00  1.032510755429E+00
  4.810000000000E+00  1.032932721485E+00  1.033422122847E+00
  4.820000000000E+00  1.033856649159E+00  1.034352886529E+00
  4.830000000000E+00  1.034800249119E+00  1.035303092208E+00
  4.840000000000E+00  1.035763557782E+00  1.036272793827E+00
  4.850000000000E+00  1.036746626775E+00  1.037262005652E+00
  4.860000000000E+00  1.037749496817E+00  1.038270720409E+00
  4.870000000000E+00  1.038772134378E+00  1.039298922339E+00
  4.880000000000E+00  1.039814497453E+00  1.040346547100E+00
  4.890000000000E+00  1.040876558744E+00  1.041413521898E+00
  4.900000000000E+00  1.041958205310E+00  1.042499736600E+00
  4.910000000000E+00  1.043059350765E+00  1.043605070051E+00
  4.920000000000E+00  1.044179843744E+00  1.044729348420E+00
  4.930000000000E+00  1.045319502324E+00  1.045872380889E+00
  4.940000000000E+00  1.046478139977E+00  1.047033957639E+00
  4.950000000000E+00  1.047655521381E+00  1.048213821263E+00
  4.960000000000E+00  1.048851375440E+00  1.049411688485E+00
  4.970000000000E+00  1.050065427131E+00  1.050627250953E+00
  4.980000000000E+00  1.051297318239E+00  1.051860156910E+00
  4.990000000000E+00  1.052546715713E+00  1.053110037291E+00
  5.000000000000E+00  1.053813225434E+00  1.054376477926E+00
  5.010000000000E+00  1.055096392063E+00  1.055659038739E+00
  5.020000000000E+00  1.056395786480E+00  1.056957252083E+00
  5.030000000000E+00  1.057710901294E+00  1.058270600327E+00
  5.040000000000E+00  1.059041210082E+00  1.059598555772E+00
  5.050000000000E+00  1.060386151757E+00  1.060940543223E+00
  5.060000000000E+00  1.061745149396E+00  1.062295975679E+00
  5.070000000000E+00  1.063117547125E+00  1.063664208863E+00
  5.080000000000E+00  1.064502720101E+00  1.065044591996E+00
  5.090000000000E+00  1.065899973051E+00  1.066436436399E+00
  5.100000000000E+00  1.067308583832E+00  1.067839036417E+00
  5.110000000000E+00  1.068727821475E+00  1.069251634884E+00
  5.120000000000E+00  1.070156918783E+00  1.070673481735E+00
  5.130000000000E+00  1.071595065740E+00  1.072103781992E+00
  5.140000000000E+00  1.073041458282E+00  1.073541723752E+00
  5.150000000000E+00  1.074495247823E+00  1.074986483605E+00
  5.160000000000E+00  1.075955570858E+00  1.076437200214E+00
  5.170000000000E+00  1.077421553062E+00  1.077893014482E+00
  5.180000000000E+00  1.078892303469E+00  1.079353045195E+00
  5.190000000000E+00  1.080366881650E+00  1.080816401551E+00
  5.200000000000E+00  1.081844388780E+00  1.082282176090E+00
  5.210000000000E+00  1.083323875957E+00  1.083749458497E+00
  5.220000000000E+00  1.084804410570E+00  1.085217328057E+00
  5.230000000000E+00  1.086285035959E+00  1.086684858962E+00
  5.240000000000E+00  1.087764797721E+00  1.088151129240E+00
  5.250000000000E+00  1.089242762386E+00  1.089615215658E+00
  5.260000000000E+00  1.090717950494E+00  1.091076192823E+00
  5.270000000000E+00  1.092189438102E+00  1.092533150430E+00
  5.280000000000E+00  1.093656254574E+00  1.093985183684E+00
  5.290000000000E+00  1.095117494189E+00  1.095431382171E+00
  5.300000000000E+00  1.096572225984E+00  1.096870868493E+00
  5.310000000000E+00  1.098019545204E+00  1.098302760907E+00
  5.320000000000E+00  1.099458542597E+00  1.099726212221E+00
  5.330000000000E+00  1.100888372629E+00  1.101140370449E+00
  5.340000000000E+00  1.102308162480E+00  1.102544436818E+00
  5.350000000000E+00  1.103717068949E+00  1.103937601808E+00
  5.360000000000E+00  1.105114309241E+00  1.105319088312E+00
  5.370000000000E+00  1.106499088172E+00  1.106688161458E+00
  5.380000000000E+00  1.107870653075E+00  1.108044096224E+00
  5.390000000000E+00  1.109228287203E+00  1.109386201743E+00
  5.400000000000E+00  1.110571275449E+00  1.110713809425E+00
  5.410000000000E+00  1.111898943561E+00  1.112026298627E+00
  5.420000000000E+00  1.113210705027E+00  1.113323055746E+00
  5.430000000000E+00  1.114505938161E+00  1.114603520925E+00
  5.440000000000E+00  1.115784090548E+00  1.115867160089E+00
  5.450000000000E+00  1.117044604796E+00  1.117113472756E+00
  5.460000000000E+00  1.118287024037E+00  1.118341984038E+00
  5.470000000000E+00  1.119510870344E+00  1.119552279941E+00
  5.480000000000E+00  1.120715739204E+00  1.120743945041E+00
  5.490000000000E+00  1.121901251590E+00  1.121916632162E+00
  5.500000000000E+00  1.123067052428E+00  1.123070008338E+00
  5.510000000000E+00  1.124212835211E+00  1.124203772109E+00
  5.520000000000E+00  1.125338337917E+00  1.125317681157E+00
  5.530000000000E+00  1.126443304025E+00  1.126411496136E+00
  5.540000000000E+00  1.127527546077E+00  1.127485029933E+00
  5.550000000000E+00  1.128590895066E+00  1.128538133468E+00
  5.560000000000E+00  1.129633209117E+00  1.129570669266E+00
  5.570000000000E+00  1.130654400004E+00  1.130582546708E+00
  5.580000000000E+00  1.131654389519E+00  1.131573682759E+00
  5.590000000000E+00  1.132633136700E+00  1.132544072971E+00
  5.600000000000E+00  1.133590646177E+00  1.133493686453E+00
  5.610000000000E+00  1.134526923540E+00  1.134422548693E+00
  5.620000000000E+00  1.135442040608E+00  1.135330711652E+00
  5.630000000000E+00  1.136336046919E+00  1.136218235788E+00
  5.640000000000E+00  1.137209058409E+00  1.137085216384E+00
  5.650000000000E+00  1.138061194088E+00  1.137931780617E+00
  5.660000000000E+00  1.138892598759E+00  1.138758061223E+00
  5.670000000000E+00  1.139703441566E+00  1.139564213795E+00
  5.680000000000E+00  1.140493914866E+00  1.140350427093E+00
  5.690000000000E+00  1.141264219812E+00  1.141116880986E+00
  5.700000000000E+00  1.142014585211E+00  1.141863802828E+00
  5.710000000000E+00  1.142745236963E+00  1.142591415630E+00
  5.720000000000E+00  1.143456462797E+00  1.143299958773E+00
  5.730000000000E+00  1.144148498467E+00  1.143989690952E+00
  5.740000000000E+00  1.144821631427E+00  1.144660884878E+00
  5.750000000000E+00  1.145476168964E+00  1.145313813563E+00
  5.760000000000E+00  1.146112400631E+00  1.145948760751E+00
  5.770000000000E+00  1.146730648720E+00  1.146566037696E+00
  5.780000000000E+00  1.147331215154E+00  1.147165933281E+00
  5.790000000000E+00  1.147914439405E+00  1.147748773482E+00
  5.800000000000E+00  1.148480647154E+00  1.148314862330E+00
  5.810000000000E+00  1.149030187444E+00  1.148864525845E+00
  5.820000000000E+00  1.149563381845E+00  1.149398100680E+00
  5.830000000000E+00  1.150080582597E+00  1.149915911125E+00
  5.840000000000E+00  1.150582149908E+00  1.150418282417E+00
  5.850000000000E+00  1.151068406093E+00  1.150905556385E+00
  5.860000000000E+00  1.151539725198E+00  1.151378061531E+00
  5.870000000000E+00  1.151996424124E+00  1.151836145668E+00
  5.880000000000E+00  1.152438882034E+00  1.152280124605E+00
  5.890000000000E+00  1.152867423271E+00  1.152710351615E+00
  5.900000000000E+00  1.153282405599E+00  1.153127141004E+00
  5.910000000000E+00  1.153684175382E+00  1.153530845396E+00
  5.920000000000E+00  1.154073052859E+00  1.153921780435E+00
  5.930000000000E+00  1.154449400043E+00  1.154300269542E+00
  5.940000000000E+00  1.154813524725E+00  1.154666645449E+00
  5.950000000000E+00  1.155165776567E+00  1.155021225520E+00
  5.960000000000E+00  1.155506476282E+00  1.155364315065E+00
  5.970000000000E+00  1.155835936813E+00  1.155696240909E+00
  5.980000000000E+00  1.156154470701E+00  1.156017303883E+00
  5.990000000000E+00  1.156462415108E+00  1.156327799624E+00
  6.000000000000E+00  1.156760040165E+00  1.156628031073E+00
  6.010000000000E+00  1.157047668771E+00  1.156918293861E+00
  6.020000000000E+00  1.157325601550E+00  1.157198878516E+00
  6.030000000000E+00  1.157594088281E+00  1.157470063720E+00
  6.040000000000E+00  1.157853466682E+00  1.157732116153E+00
  6.050000000000E+00  1.158103960235E+00  1.157985319247E+00
  6.060000000000E+00  1.158345885853E+00  1.158229936601E+00
  6.070000000000E+00  1.158579481150E+00  1.158466226983E+00
  6.080000000000E+00  1.158805020332E+00  1.158694443423E+00
  6.090000000000E+00  1.159022731047E+00  1.158914833855E+00
  6.100000000000E+00  1.159232887995E+00  1.159127645495E+00
  6.110000000000E+00  1.159435712930E+00  1.159333114651E+00
  6.120000000000E+00  1.159631452884E+00  1.159531465234E+00
  6.130000000000E+00  1.159820326778E+00  1.159722937107E+00
  6.140000000000E+00  1.160002570644E+00  1.159907736181E+00
  6.150000000000E+00  1.160178386170E+00  1.160086085329E+00
  6.160000000000E+00  1.160347987213E+00  1.160258181335E+00
  6.170000000000E+00  1.160511597897E+00  1.160424244443E+00
  6.180000000000E+00  1.160669388327E+00  1.160584458163E+00
  6.190000000000E+00  1.160821565959E+00  1.160739015978E+00
  6.200000000000E+00  1.160968322760E+00  1.160888115855E+00
  6.210000000000E+00  1.161109832333E+00  1.161031929490E+00
  6.220000000000E+00  1.161246282215E+00  1.161170631931E+00
  6.230000000000E+00  1.161377834202E+00  1.161304401857E+00
  6.240000000000E+00  1.161504665113E+00  1.161433393816E+00
  6.250000000000E+00  1.161626924791E+00  1.161557783258E+00
  6.260000000000E+00  1.161744784696E+00  1.161677715987E+00
  6.270000000000E+00  1.161858375161E+00  1.161793343830E+00
  6.280000000000E+00  1.161967866176E+00  1.161904825390E+00
  6.290000000000E+00  1.162073394428E+00  1.162012289846E+00
  6.300000000000E+00  1.162175090762E+00  1.162115884312E+00
  6.310000000000E+00  1.162273097704E+00  1.162215735181E+00
  6.320000000000E+00  1.162367534580E+00  1.162311978170E+00
  6.330000000000E+00  1.162458531860E+00  1.162404739298E+00
  6.340000000000E+00  1.162546211244E+00  1.162494131677E+00
  6.350000000000E+00  1.162630693629E+00  1.162580280235E+00
  6.360000000000E+00  1.162712096794E+00  1.162663295212E+00
  6.370000000000E+00  1.162790500465E+00  1.162743295620E+00
  6.380000000000E+00  1.162866045341E+00  1.162820374281E+00
  6.390000000000E+00  1.162938811301E+00  1.162894642925E+00
  6.400000000000E+00  1.163008913222E+00  1.162966200906E+00
  6.410000000000E+00  1.163076440124E+00  1.163035138365E+00
  6.420000000000E+00  1.163141485192E+00  1.163101554047E+00
  6.430000000000E+00  1.163204132563E+00  1.163165537550E+00
  6.440000000000E+00  1.163264480261E+00  1.163227174888E+00
  6.450000000000E+00  1.163322592574E+00  1.163286548786E+00
  6.460000000000E+00  1.163378570741E+00  1.163343739125E+00
  6.470000000000E+00  1.163432480499E+00  1.163398828836E+00
  6.480000000000E+00  1.163484401084E+00  1.163451896714E+00
  6.490000000000E+00  1.163534399192E+00  1.163503002481E+00
  6.500000000000E+00  1.163582534691E+00  1.163552227791E+00
  6.510000000000E+00  1.163628898106E+00  1.163599635684E+00
  6.520000000000E+00  1.163673540926E+00  1.163645290432E+00
  6.530000000000E+00  1.163716545981E+00  1.163689256757E+00
  6.540000000000E+00  1.163757949381E+00  1.163731606757E+00
  6.550000000000E+00  1.163797805156E+00  1.163772387665E+00
  6.560000000000E+00  1.163836196566E+00  1.163811660271E+00
  6.570000000000E+00  1.163873153803E+00  1.163849475410E+00
  6.580000000000E+00  1.163908736229E+00  1.163885896421E+00
  6.590000000000E+00  1.163942999200E+00  1.163920956567E+00
  6.600000000000E+00  1.163975990005E+00  1.163954723939E+00
  6.610000000000E+00  1.164007750243E+00  1.163987235136E+00
  6.620000000000E+00  1.164038331967E+00  1.164018543786E+00
  6.630000000000E+00  1.164067771804E+00  1.164048687248E+00
  6.640000000000E+00  1.164096114148E+00  1.164077708169E+00
  6.650000000000E+00  1.164123397287E+00  1.164105644792E+00
  6.660000000000E+00  1.164149676328E+00  1.164132555010E+00
  6.670000000000E+00  1.164174950220E+00  1.164158462098E+00
  6.680000000000E+00  1.164199308051E+00  1.164183400875E+00
  6.690000000000E+00  1.164222746718E+00  1.164207410946E+00
  6.700000000000E+00  1.164245305764E+00  1.164230526661E+00
  6.710000000000E+00  1.164267038850E+00  1.164252778922E+00
  6.720000000000E+00  1.164287942452E+00  1.164274201323E+00
  6.730000000000E+00  1.164308070659E+00  1.164294828105E+00
  6.740000000000E+00  1.164327448284E+00  1.164314685552E+00
  6.750000000000E+00  1.164346102994E+00  1.164333800454E+00
  6.760000000000E+00  1.164364070036E+00  1.164352201124E+00
  6.770000000000E+00  1.164381346548E+00  1.164369915106E+00
  6.780000000000E+00  1.164397978417E+00  1.164386968417E+00
  6.790000000000E+00  1.164413998148E+00  1.164403387037E+00
  6.800000000000E+00  1.164429417202E+00  1.164419193968E+00
  6.810000000000E+00  1.164444250749E+00  1.164434404847E+00
  6.820000000000E+00  1.164458540974E+00  1.164449045194E+00
  6.830000000000E+00  1.164472290724E+00  1.164463143146E+00
  6.840000000000E+00  1.164485514761E+00  1.164476714087E+00
  6.850000000000E+00  1.164498265332E+00  1.164489775639E+00
  6.860000000000E+00  1.164510531011E+00  1.164502352818E+00
  6.870000000000E+00  1.164522331229E+00  1.164514455882E+00
  6.880000000000E+00  1.164533688563E+00  1.164526101944E+00
  6.890000000000E+00  1.164544627186E+00  1.164537317280E+00
  6.900000000000E+00  1.164555152884E+00  1.164548109683E+00
  6.910000000000E+00  1.164565273044E+00  1.164558500279E+00
  6.920000000000E+00  1.164575032961E+00  1.164568502344E+00
  6.930000000000E+00  1.164584412436E+00  1.164578125124E+00
  6.940000000000E+00  1.164593448702E+00  1.164587394907E+00
  6.950000000000E+00  1.164602138651E+00  1.164596313233E+00
  6.960000000000E+00  1.164610514666E+00  1.164604897477E+00
  6.970000000000E+00  1.164618563998E+00  1.164613159642E+00
  6.980000000000E+00  1.164626330685E+00  1.164621108771E+00
  6.990000000000E+00  1.164633778100E+00  1.164628763410E+00
  7.000000000000E+00  1.164640953241E+00  1.164636137128E+00
  7.010000000000E+00  1.164647867924E+00  1.164643225761E+00
  7.020000000000E+00  1.164654524019E+00  1.164650051552E+00
  7.030000000000E+00  1.164660939165E+00  1.164656620893E+00
  7.040000000000E+00  1.164667089569E+00  1.164662945040E+00
  7.050000000000E+00  1.164673034645E+00  1.164669032971E+00
  7.060000000000E+00  1.164678737594E+00  1.164674891310E+00
  7.070000000000E+00  1.164684229903E+00  1.164680525468E+00
  7.080000000000E+00  1.164689521827E+00  1.164685955385E+00
  7.090000000000E+00  1.164694612527E+00  1.164691174508E+00
  7.100000000000E+00  1.164699512882E+00  1.164696204217E+00
  7.110000000000E+00  1.164704234108E+00  1.164701039100E+00
  7.120000000000E+00  1.164708757717E+00  1.164705696129E+00
  7.130000000000E+00  1.164713129712E+00  1.164710177563E+00
  7.140000000000E+00  1.164717331173E+00  1.164714496309E+00
  7.150000000000E+00  1.164721381819E+00  1.164718646564E+00
  7.160000000000E+00  1.164725277266E+00  1.164722644310E+00
  7.170000000000E+00  1.164729018206E+00  1.164726485749E+00
  7.180000000000E+00  1.164732626977E+00  1.164730189126E+00
  7.190000000000E+00  1.164736095648E+00  1.164733750886E+00
  7.200000000000E+00  1.164739427479E+00  1.164737173268E+00
  7.210000000000E+00  1.164742653382E+00  1.164740475824E+00
  7.220000000000E+00  1.164745752177E+00  1.164743650195E+00
  7.230000000000E+00  1.164748720358E+00  1.164746711130E+00
  7.240000000000E+00  1.164751595957E+00  1.164749656940E+00
  7.250000000000E+00  1.164754358748E+00  1.164752484934E+00
  7.260000000000E+00  1.164757013894E+00  1.164755207782E+00
  7.270000000000E+00  1.164759557758E+00  1.164757832337E+00
  7.280000000000E+00  1.164762028817E+00  1.164760359507E+00
  7.290000000000E+00  1.164764393436E+00  1.164762785919E+00
  7.300000000000E+00  1.164766671714E+00  1.164765123432E+00
  7.310000000000E+00  1.164768865956E+00  1.164767374603E+00
  7.320000000000E+00  1.164770972282E+00  1.164769539309E+00
  7.330000000000E+00  1.164773005286E+00  1.164771629703E+00
  7.340000000000E+00  1.164774966539E+00  1.164773630573E+00
  7.350000000000E+00  1.164776842334E+00  1.164775560795E+00
  7.360000000000E+00  1.164778644968E+00  1.164777424600E+00
  7.370000000000E+00  1.164780390833E+00  1.164779208857E+00
  7.380000000000E+00  1.164782062690E+00  1.164780929023E+00
  7.390000000000E+00  1.164783674187E+00  1.164782586514E+00
  7.400000000000E+00  1.164785232208E+00  1.164784178173E+00
  7.410000000000E+00  1.164786731533E+00  1.164785716093E+00
  7.420000000000E+00  1.164788166192E+00  1.164787190886E+00
  7.430000000000E+00  1.164789557948E+00  1.164788610358E+00
  7.440000000000E+00  1.164790877481E+00  1.164789976860E+00
  7.450000000000E+00  1.164792161565E+00  1.164791299649E+00
  7.460000000000E+00  1.164793393483E+00  1.164792564905E+00
  7.470000000000E+00  1.164794589510E+00  1.164793784601E+00
  7.480000000000E+00  1.164795733985E+00  1.164794952460E+00
  7.490000000000E+00  1.164796837805E+00  1.164796087247E+00
  7.500000000000E+00  1.164797898387E+00  1.164797170544E+00
  7.510000000000E+00  1.164798900983E+00  1.164798217634E+00
  7.520000000000E+00  1.164799890384E+00  1.164799224816E+00
  7.530000000000E+00  1.164800829075E+00  1.164800194758E+00
  7.540000000000E+00  1.164801745139E+00  1.164801125698E+00
  7.550000000000E+00  1.164802617816E+00  1.164802027020E+00
  7.560000000000E+00  1.164803463365E+00  1.164802885338E+00
  7.570000000000E+00  1.164804266269E+00  1.164803715566E+00
  7.580000000000E+00  1.164805048279E+00  1.164804522931E+00
  7.590000000000E+00  1.164805796413E+00  1.164805289048E+00
  7.600000000000E+00  1.164806512634E+00  1.164806029039E+00
  7.610000000000E+00  1.164807207732E+00  1.164806740739E+00
  7.620000000000E+00  1.164807888295E+00  1.164807432768E+00
  7.630000000000E+00  1.164808530613E+00  1.164808089555E+00
  7.640000000000E+00  1.164809142686E+00  1.164808724763E+00
  7.650000000000E+00  1.164809748009E+00  1.164809337064E+00
  7.660000000000E+00  1.164810316033E+00  1.164809919201E+00
  7.670000000000E+00  1.164810866384E+00  1.164810489049E+00
  7.680000000000E+00  1.164811400712E+00  1.164811038674E+00
  7.690000000000E+00  1.164811902967E+00  1.164811563023E+00
  7.700000000000E+00  1.164812402692E+00  1.164812064569E+00
  7.710000000000E+00  1.164812875726E+00  1.164812551802E+00
  7.720000000000E+00  1.164813326255E+00  1.164813020929E+00
  7.730000000000E+00  1.164813774043E+00  1.164813471984E+00
  7.740000000000E+00  1.164814189001E+00  1.164813905708E+00
  7.750000000000E+00  1.164814599189E+00  1.164814323988E+00
  7.760000000000E+00  1.164814988332E+00  1.164814719786E+00
  7.770000000000E+00  1.164815365016E+00  1.164815109183E+00
  7.780000000000E+00  1.164815729179E+00  1.164815481469E+00
  7.790000000000E+00  1.164816069216E+00  1.164815838635E+00
  7.800000000000E+00  1.164816404728E+00  1.164816182291E+00
  7.810000000000E+00  1.164816732703E+00  1.164816512041E+00
  7.820000000000E+00  1.164817051113E+00  1.164816833486E+00
  7.830000000000E+00  1.164817349773E+00  1.164817138228E+00
  7.840000000000E+00  1.164817632590E+00  1.164817432712E+00
  7.850000000000E+00  1.164817903500E+00  1.164817719546E+00
  7.860000000000E+00  1.164818165010E+00  1.164817994220E+00
  7.870000000000E+00  1.164818425282E+00  1.164818257967E+00
  7.880000000000E+00  1.164818683322E+00  1.164818510259E+00
  7.890000000000E+00  1.164818915608E+00  1.164818756795E+00
  7.900000000000E+00  1.164819150613E+00  1.164818989554E+00
  7.910000000000E+00  1.164819367074E+00  1.164819216119E+00
  7.920000000000E+00  1.164819566085E+00  1.164819433232E+00
  7.930000000000E+00  1.164819775260E+00  1.164819644430E+00
  7.940000000000E+00  1.164819973019E+00  1.164819845255E+00
  7.950000000000E+00  1.164820171396E+00  1.164820037062E+00
  7.960000000000E+00  1.164820348819E+00  1.164820222168E+00
  7.970000000000E+00  1.164820523375E+00  1.164820402343E+00
  7.980000000000E+00  1.164820688542E+00  1.164820572947E+00
  7.990000000000E+00  1.164820850335E+00  1.164820742188E+00
  8.000000000000E+00  1.164821003511E+00  1.164820898799E+00
  8.010000000000E+00  1.164821155181E+00  1.164821053791E+00
  8.020000000000E+00  1.164821304076E+00  1.164821202864E+00
  8.030000000000E+00  1.164821435914E+00  1.164821345944E+00
  8.040000000000E+00  1.164821578989E+00  1.164821488519E+00
  8.050000000000E+00  1.164821705747E+00  1.164821613704E+00
  8.060000000000E+00  1.164821834306E+00  1.164821741720E+00
  8.070000000000E+00  1.164821947192E+00  1.164821863060E+00
  8.080000000000E+00  1.164822058882E+00  1.164821979995E+00
  8.090000000000E+00  1.164822179292E+00  1.164822096218E+00
  8.100000000000E+00  1.164822273448E+00  1.164822205651E+00
  8.110000000000E+00  1.164822379133E+00  1.164822311500E+00
  8.120000000000E+00  1.164822483313E+00  1.164822411627E+00
  8.130000000000E+00  1.164822580641E+00  1.164822507443E+00
  8.140000000000E+00  1.164822657040E+00  1.164822601262E+00
  8.150000000000E+00  1.164822757927E+00  1.164822693751E+00
  8.160000000000E+00  1.164822838813E+00  1.164822778543E+00
  8.170000000000E+00  1.164822924656E+00  1.164822859986E+00
  8.180000000000E+00  1.164822996503E+00  1.164822941373E+00
  8.190000000000E+00  1.164823077090E+00  1.164823021261E+00
  8.200000000000E+00  1.164823144553E+00  1.164823091696E+00
  8.210000000000E+00  1.164823208489E+00  1.164823164494E+00
  8.220000000000E+00  1.164823275580E+00  1.164823230408E+00
  8.230000000000E+00  1.164823344919E+00  1.164823300168E+00
  8.240000000000E+00  1.164823407503E+00  1.164823365544E+00
  8.250000000000E+00  1.164823460890E+00  1.164823426822E+00
  8.260000000000E+00  1.164823518669E+00  1.164823486087E+00
  8.270000000000E+00  1.164823582540E+00  1.164823540740E+00
  8.280000000000E+00  1.164823631859E+00  1.164823597163E+00
  8.290000000000E+00  1.164823686452E+00  1.164823651137E+00
  8.300000000000E+00  1.164823730235E+00  1.164823701120E+00
  8.310000000000E+00  1.164823769240E+00  1.164823749663E+00
  8.320000000000E+00  1.164823827154E+00  1.164823796419E+00
  8.330000000000E+00  1.164823874702E+00  1.164823841826E+00
  8.340000000000E+00  1.164823907722E+00  1.164823882254E+00
  8.350000000000E+00  1.164823963804E+00  1.164823926690E+00
  8.360000000000E+00  1.164823992304E+00  1.164823963760E+00
  8.370000000000E+00  1.164824019460E+00  1.164824004037E+00
  8.380000000000E+00  1.164824066213E+00  1.164824043707E+00
  8.390000000000E+00  1.164824102768E+00  1.164824079752E+00
  8.400000000000E+00  1.164824133310E+00  1.164824111568E+00
  8.410000000000E+00  1.164824170892E+00  1.164824147535E+00
  8.420000000000E+00  1.164824203926E+00  1.164824176304E+00
  8.430000000000E+00  1.164824230384E+00  1.164824208370E+00
  8.440000000000E+00  1.164824264776E+00  1.164824238995E+00
  8.450000000000E+00  1.164824284758E+00  1.164824266978E+00
  8.460000000000E+00  1.164824310677E+00  1.164824295533E+00
  8.470000000000E+00  1.164824334333E+00  1.164824320426E+00
  8.480000000000E+00  1.164824360370E+00  1.164824344170E+00
  8.490000000000E+00  1.164824380672E+00  1.164824368140E+00
  8.500000000000E+00  1.164824409443E+00  1.164824391134E+00
  8.510000000000E+00  1.164824436359E+00  1.164824417948E+00
  8.520000000000E+00  1.164824444240E+00  1.164824442102E+00
  8.530000000000E+00  1.164824471727E+00  1.164824458828E+00
  8.540000000000E+00  1.164824488204E+00  1.164824476864E+00
  8.550000000000E+00  1.164824504887E+00  1.164824494788E+00
  8.560000000000E+00  1.164824524139E+00  1.164824517981E+00
  8.570000000000E+00  1.164824546063E+00  1.164824532610E+00
  8.580000000000E+00  1.164824566326E+00  1.164824552914E+00
  8.590000000000E+00  1.164824583528E+00  1.164824570868E+00
  8.600000000000E+00  1.164824599028E+00  1.164824586561E+00
  8.610000000000E+00  1.164824618388E+00  1.164824600434E+00
  8.620000000000E+00  1.164824624259E+00  1.164824617485E+00
  8.630000000000E+00  1.164824633486E+00  1.164824630498E+00
  8.640000000000E+00  1.164824649920E+00  1.164824640265E+00
  8.650000000000E+00  1.164824652695E+00  1.164824654433E+00
  8.660000000000E+00  1.164824679552E+00  1.164824670246E+00
  8.670000000000E+00  1.164824685825E+00  1.164824679759E+00
  8.680000000000E+00  1.164824702489E+00  1.164824690575E+00
  8.690000000000E+00  1.164824702832E+00  1.164824705438E+00
  8.700000000000E+00  1.164824729466E+00  1.164824715577E+00
  8.710000000000E+00  1.164824733726E+00  1.164824724987E+00
  8.720000000000E+00  1.164824740198E+00  1.164824734312E+00
  8.730000000000E+00  1.164824755256E+00  1.164824743745E+00
  8.740000000000E+00  1.164824760836E+00  1.164824755399E+00
  8.750000000000E+00  1.164824776015E+00  1.164824764845E+00
  8.760000000000E+00  1.164824782343E+00  1.164824771373E+00
  8.770000000000E+00  1.164824789521E+00  1.164824784125E+00
  8.780000000000E+00  1.164824782987E+00  1.164824789200E+00
  8.790000000000E+00  1.164824795308E+00  1.164824795174E+00
  8.800000000000E+00  1.164824805348E+00  1.164824802951E+00
  8.810000000000E+00  1.164824810311E+00  1.164824812891E+00
  8.820000000000E+00  1.164824819197E+00  1.164824814692E+00
  8.830000000000E+00  1.164824822708E+00  1.164824827654E+00
  8.840000000000E+00  1.164824833993E+00  1.164824833293E+00
  8.850000000000E+00  1.164824847084E+00  1.164824837614E+00
  8.860000000000E+00  1.164824841164E+00  1.164824842134E+00
  8.870000000000E+00  1.164824853406E+00  1.164824847259E+00
  8.880000000000E+00  1.164824863474E+00  1.164824858536E+00
  8.890000000000E+00  1.164824861155E+00  1.164824859733E+00
  8.900000000000E+00  1.164824873362E+00  1.164824865901E+00
  8.910000000000E+00  1.164824875416E+00  1.164824870954E+00
  8.920000000000E+00  1.164824875697E+00  1.164824874904E+00
  8.930000000000E+00  1.164824876063E+00  1.164824881685E+00
  8.940000000000E+00  1.164824889796E+00  1.164824886081E+00
  8.950000000000E+00  1.164824884933E+00  1.164824887234E+00
  8.960000000000E+00  1.164824888415E+00  1.164824888022E+00
  8.970000000000E+00  1.164824903371E+00  1.164824894685E+00
  8.980000000000E+00  1.164824902118E+00  1.164824897113E+00
  8.990000000000E+00  1.164824906725E+00  1.164824905900E+00
  9.000000000000E+00  1.164824914053E+00  1.164824906018E+00
  9.010000000000E+00  1.164824913061E+00  1.164824911685E+00
  9.020000000000E+00  1.164824913132E+00  1.164824912509E+00
  9.030000000000E+00  1.164824919949E+00  1.164824914020E+00
  9.040000000000E+00  1.164824918379E+00  1.164824921929E+00
  9.050000000000E+00  1.164824927620E+00  1.164824920066E+00
  9.060000000000E+00  1.164824928337E+00  1.164824923668E+00
  9.070000000000E+00  1.164824927778E+00  1.164824927761E+00
  9.080000000000E+00  1.164824929632E+00  1.164824930101E+00
  9.090000000000E+00  1.164824937152E+00  1.164824930795E+00
  9.100000000000E+00  1.164824928698E+00  1.164824934956E+00
  9.110000000000E+00  1.164824931593E+00  1.164824940610E+00
  9.120000000000E+00  1.164824942848E+00  1.164824939255E+00
  9.130000000000E+00  1.164824939553E+00  1.164824945775E+00
  9.140000000000E+00  1.164824952535E+00  1.164824943933E+00
  9.150000000000E+00  1.164824943288E+00  1.164824948629E+00
  9.160000000000E+00  1.164824947409E+00  1.164824948548E+00
  9.170000000000E+00  1.164824952523E+00  1.164824950781E+00
  9.180000000000E+00  1.164824938326E+00  1.164824952677E+00
  9.190000000000E+00  1.164824960011E+00  1.164824952852E+00
  9.200000000000E+00  1.164824953896E+00  1.164824955655E+00
  9.210000000000E+00  1.164824959006E+00  1.164824957710E+00
  9.220000000000E+00  1.164824956608E+00  1.164824955535E+00
  9.230000000000E+00  1.164824969671E+00  1.164824959179E+00
  9.240000000000E+00  1.164824964708E+00  1.164824959809E+00
  9.250000000000E+00  1.164824952830E+00  1.164824963242E+00
  9.260000000000E+00  1.164824962122E+00  1.164824963291E+00
  9.270000000000E+00  1.164824967579E+00  1.164824961169E+00
  9.280000000000E+00  1.164824959512E+00  1.164824964434E+00
  9.290000000000E+00  1.164824960346E+00  1.164824966491E+00
  9.300000000000E+00  1.164824964981E+00  1.164824965171E+00
  9.310000000000E+00  1.164824981598E+00  1.164824969674E+00
  9.320000000000E+00  1.164824978115E+00  1.164824972645E+00
  9.330000000000E+00  1.164824962501E+00  1.164824971769E+00
  9.340000000000E+00  1.164824969583E+00  1.164824972068E+00
  9.350000000000E+00  1.164824967170E+00  1.164824971107E+00
  9.360000000000E+00  1.164824975657E+00  1.164824968433E+00
  9.370000000000E+00  1.164824982174E+00  1.164824974497E+00
  9.380000000000E+00  1.164824971836E+00  1.164824976362E+00
  9.390000000000E+00  1.164824968227E+00  1.164824977071E+00
  9.400000000000E+00  1.164824981767E+00  1.164824975416E+00
  9.410000000000E+00  1.164824978649E+00  1.164824976352E+00
  9.420000000000E+00  1.164824978387E+00  1.164824978775E+00
  9.430000000000E+00  1.164824984174E+00  1.164824977717E+00
  9.440000000000E+00  1.164824978182E+00  1.164824980377E+00
  9.450000000000E+00  1.164824987259E+00  1.164824982304E+00
  9.460000000000E+00  1.164824975838E+00  1.164824981132E+00
  9.470000000000E+00  1.164824975027E+00  1.164824983148E+00
  9.480000000000E+00  1.164824978022E+00  1.164824985406E+00
  9.490000000000E+00  1.164824989393E+00  1.164824980482E+00
  9.500000000000E+00  1.164824986389E+00  1.164824982982E+00
  9.510000000000E+00  1.164824979563E+00  1.164824984674E+00
  9.520000000000E+00  1.164824987058E+00  1.164824980810E+00
  9.530000000000E+00  1.164824977787E+00  1.164824986834E+00
  9.540000000000E+00  1.164824987068E+00  1.164824981595E+00
  9.550000000000E+00  1.164824992985E+00  1.164824988286E+00
  9.560000000000E+00  1.164824985732E+00  1.164824982653E+00
  9.570000000000E+00  1.164824987236E+00  1.164824982335E+00
  9.580000000000E+00  1.164824989745E+00  1.164824989311E+00
  9.590000000000E+00  1.164824988973E+00  1.164824990870E+00
  9.600000000000E+00  1.164824988683E+00  1.164824989564E+00
  9.610000000000E+00  1.164824990216E+00  1.164824987241E+00
  9.620000000000E+00  1.164824990628E+00  1.164824987152E+00
  9.630000000000E+00  1.164824990201E+00  1.164824984518E+00
  9.640000000000E+00  1.164824991454E+00  1.164824988536E+00
  9.650000000000E+00  1.164824988482E+00  1.164824989179E+00
  9.660000000000E+00  1.164824979110E+00  1.164824986150E+00
  9.670000000000E+00  1.164824988526E+00  1.164824992031E+00
  9.680000000000E+00  1.164824985487E+00  1.164824991426E+00
  9.690000000000E+00  1.164824991698E+00  1.164824991599E+00
  9.700000000000E+00  1.164824997770E+00  1.164824989850E+00
  9.710000000000E+00  1.164824990607E+00  1.164824993846E+00
  9.720000000000E+00  1.164824999844E+00  1.164824988298E+00
  9.730000000000E+00  1.164824987107E+00  1.164824991502E+00
  9.740000000000E+00  1.164824984406E+00  1.164824995436E+00
  9.750000000000E+00  1.164824983687E+00  1.164824989273E+00
  9.760000000000E+00  1.164824993316E+00  1.164824990739E+00
  9.770000000000E+00  1.164824987098E+00  1.164824990019E+00
  9.780000000000E+00  1.164824987568E+00  1.164824991200E+00
  9.790000000000E+00  1.164824987102E+00  1.164824991950E+00
  9.800000000000E+00  1.164824990530E+00  1.164824993272E+00
  9.810000000000E+00  1.164825000243E+00  1.164824992651E+00
  9.820000000000E+00  1.164824991190E+00  1.164824999263E+00
  9.830000000000E+00  1.164824990295E+00  1.164824990463E+00
  9.840000000000E+00  1.164824984996E+00  1.164824992570E+00
  9.850000000000E+00  1.164824986019E+00  1.164824993601E+00
  9.860000000000E+00  1.164824985367E+00  1.164824994765E+00
  9.870000000000E+00  1.164824990355E+00  1.164824991124E+00
  9.880000000000E+00  1.164824993191E+00  1.164824996406E+00
  9.890000000000E+00  1.164824995227E+00  1.164824990170E+00
  9.900000000000E+00  1.164824995064E+00  1.164824994514E+00
  9.910000000000E+00  1.164824992402E+00  1.164824992173E+00
  9.920000000000E+00  1.164824986966E+00  1.164824990955E+00
  9.930000000000E+00  1.164824986839E+00  1.164824990627E+00
  9.940000000000E+00  1.164824988302E+00  1.164824991262E+00
  9.950000000000E+00  1.164824998435E+00  1.164824989468E+00
  9.960000000000E+00  1.164824985186E+00  1.164824991685E+00
  9.970000000000E+00  1.164824994681E+00  1.164824995627E+00
  9.980000000000E+00  1.164824995492E+00  1.164824992198E+00
  9.990000000000E+00  1.164824988269E+00  1.164824992067E+00
  1.000000000000E+01  1.164824995710E+00  1.164824990220E+00
  1.000000000000E-02  1.000010767260E+00  9.999919305906E-01
  2.000000000000E-02  1.000034417829E+00  9.999760586816E-01
  3.000000000000E-02  1.000047719533E+00  9.999686124820E-01
  4.000000000000E-02  1.000050334126E+00  9.999678983783E-01
  5.000000000000E-02  1.000048731258E+00  9.999694622810E-01
  6.000000000000E-02  1.000045633492E+00  9.999717652133E-01
  7.000000000000E-02  1.000042067720E+00  9.999741972040E-01
  8.000000000000E-02  1.000038519838E+00  9.999765227720E-01
  9.000000000000E-02  1.000035130845E+00  9.999786721015E-01
  1.000000000000E-01  1.000031991513E+00  9.999806503366E-01
  1.100000000000E-01  1.000029108807E+00  9.999824275750E-01
  1.200000000000E-01  1.000026463380E+00  9.999840519416E-01
  1.300000000000E-01  1.000024067853E+00  9.999855276011E-01
  1.400000000000E-01  1.000021885048E+00  9.999868624244E-01
  1.500000000000E-01  1.000019867101E+00  9.999880715955E-01
  1.600000000000E-01  1.000018054566E+00  9.999891638504E-01
  1.700000000000E-01  1.000016403135E+00  9.999901680785E-01
  1.800000000000E-01  1.000014908486E+00  9.999910639973E-01
  1.900000000000E-01  1.000013553412E+00  9.999918899101E-01
  2.000000000000E-01  1.000012304866E+00  9.999926343659E-01
  2.100000000000E-01  1.000011167789E+00  9.999933176247E-01
  2.200000000000E-01  1.000010159002E+00  9.999939272809E-01
  2.300000000000E-01  1.000009232300E+00  9.999944830748E-01
  2.400000000000E-01  1.000008379790E+00  9.999949868916E-01
  2.500000000000E-01  1.000007614541E+00  9.999954519331E-01
  2.600000000000E-01  1.000006922898E+00  9.999958758266E-01
  2.700000000000E-01  1.000006300288E+00  9.999962507297E-01
  2.800000000000E-01  1.000005705272E+00  9.999965975018E-01
  2.900000000000E-01  1.000005189502E+00  9.999969139262E-01
  3.000000000000E-01  1.000004702787E+00  9.999971927077E-01
  3.100000000000E-01  1.000004287959E+00  9.999974549681E-01
  3.200000000000E-01  1.000003886613E+00  9.999976952839E-01
  3.300000000000E-01  1.000003526635E+00  9.999979050265E-01
  3.400000000000E-01  1.000003209059E+00  9.999980944658E-01
  3.500000000000E-01  1.000002905646E+00  9.999982709662E-01
  3.600000000000E-01  1.000002657984E+00  9.999984279092E-01
  3.700000000000E-01  1.000002417509E+00  9.999985797311E-01
  3.800000000000E-01  1.000002203901E+00  9.999987125333E-01
  3.900000000000E-01  1.000001986492E+00  9.999988301023E-01
  4.000000000000E-01  1.000001810801E+00  9.999989389633E-01
  4.100000000000E-01  1.000001656633E+00  9.999990390267E-01
  4.200000000000E-01  1.000001519723E+00  9.999991296145E-01
  4.300000000000E-01  1.000001354832E+00  9.999992104360E-01
  4.400000000000E-01  1.000001239944E+00  9.999992868241E-01
  4.500000000000E-01  1.000001123637E+00  9.999993518664E-01
  4.600000000000E-01  1.000001024377E+00  9.999994128743E-01
  4.700000000000E-01  1.000000945727E+00  9.999994785851E-01
  4.800000000000E-01  1.000000861275E+00  9.999995132358E-01
  4.900000000000E-01  1.000000779148E+00  9.999995724768E-01
  5.000000000000E-01  1.000000713757E+00  9.999996124742E-01
  5.100000000000E-01  1.000000641740E+00  9.999996459510E-01
  5.200000000000E-01  1.000000592896E+00  9.999996857907E-01
  5.300000000000E-01  1.000000530427E+00  9.999997173014E-01
  5.400000000000E-01  1.000000489603E+00  9.999997455032E-01
  5.500000000000E-01  1.000000461209E+00  9.999997727905E-01
  5.600000000000E-01  1.000000411902E+00  9.999997971892E-01
  5.700000000000E-01  1.000000381110E+00  9.999998235200E-01
  5.800000000000E-01  1.000000341860E+00  9.999998353485E-01
  5.900000000000E-01  1.000000317244E+00  9.999998541656E-01
  6.000000000000E-01  1.000000281335E+00  9.999998747039E-01
  6.100000000000E-01  1.000000257503E+00  9.999998885565E-01
  6.200000000000E-01  1.000000245067E+00  9.999999004810E-01
  6.300000000000E-01  1.000000244988E+00  9.999999196173E-01
  6.400000000000E-01  1.000000216584E+00  9.999999281030E-01
  6.500000000000E-01  1.000000178302E+00  9.999999386258E-01
  6.600000000000E-01  1.000000182811E+00  9.999999523987E-01
  6.700000000000E-01  1.000000166057E+00  9.999999567121E-01
  6.800000000000E-01  1.000000165307E+00  9.999999670431E-01
  6.900000000000E-01  1.000000152652E+00  9.999999739196E-01
  7.000000000000E-01  1.000000140534E+00  9.999999778359E-01
  7.100000000000E-01  1.000000125472E+00  9.999999816758E-01
  7.200000000000E-01  1.000000124712E+00  9.999999912680E-01
  7.300000000000E-01  1.000000129502E+00  1.000000001646E+00
  7.400000000000E-01  1.000000113217E+00  1.000000007295E+00
  7.500000000000E-01  1.000000107482E+00  1.000000014146E+00
  7.600000000000E-01  1.000000091345E+00  1.000000021023E+00
  7.700000000000E-01  1.000000084857E+00  1.000000016519E+00
  7.800000000000E-01  1.000000098437E+00  1.000000025427E+00
  7.900000000000E-01  1.000000095656E+00  1.000000035898E+00
  8.000000000000E-01  1.000000091062E+00  1.000000033833E+00
  8.100000000000E-01  1.000000087697E+00  1.000000040644E+00
  8.200000000000E-01  1.000000089099E+00  1.000000035037E+00
  8.300000000000E-01  1.000000098762E+00  1.000000037547E+00
  8.400000000000E-01  1.000000084563E+00  1.000000054214E+00
  8.500000000000E-01  1.000000088562E+00  1.000000046166E+00
  8.600000000000E-01  1.000000100754E+00  1.000000050835E+00
  8.700000000000E-01  1.000000081560E+00  1.000000058962E+00
  8.800000000000E-01  1.000000078056E+00  1.000000061063E+00
  8.900000000000E-01  1.000000073918E+00  1.000000063651E+00
  9.000000000000E-01  1.000000080475E+00  1.000000070029E+00
  9.100000000000E-01  1.000000072243E+00  1.000000072365E+00
  9.200000000000E-01  1.000000090597E+00  1.000000076513E+00
  9.300000000000E-01  1.000000091743E+00  1.000000077775E+00
  9.400000000000E-01  1.000000089688E+00  1.000000082009E+00
  9.500000000000E-01  1.000000083375E+00  1.000000083931E+00
  9.600000000000E-01  1.000000112027E+00  1.000000081570E+00
  9.700000000000E-01  1.000000099853E+00  1.000000081745E+00
  9.800000000000E-01  1.000000099714E+00  1.000000100091E+00
  9.900000000000E-01  1.000000100467E+00  1.000000099805E+00
  1.000000000000E+00  1.000000099404E+00  1.000000100527E+00
  1.010000000000E+00  1.000000107814E+00  1.000000107864E+00
  1.020000000000E+00  1.000000102880E+00  1.000000116447E+00
  1.030000000000E+00  1.000000108032E+00  1.000000111356E+00
  1.040000000000E+00  1.000000118837E+00  1.000000108926E+00
  1.050000000000E+00  1.000000126724E+00  1.000000119800E+00
  1.060000000000E+00  1.000000121186E+00  1.000000117564E+00
  1.070000000000E+00  1.000000144989E+00  1.000000126481E+00
  1.080000000000E+00  1.000000128573E+00  1.000000142423E+00
  1.090000000000E+00  1.000000146397E+00  1.000000137537E+00
  1.100000000000E+00  1.000000140062E+00  1.000000143656E+00
  1.110000000000E+00  1.000000136032E+00  1.000000147813E+00
  1.120000000000E+00  1.000000143089E+00  1.000000150347E+00
  1.130000000000E+00  1.000000159721E+00  1.000000166271E+00
  1.140000000000E+00  1.000000164305E+00  1.000000166746E+00
  1.150000000000E+00  1.000000172902E+00  1.000000173575E+00
  1.160000000000E+00  1.000000180221E+00  1.000000173440E+00
  1.170000000000E+00  1.000000183491E+00  1.000000180992E+00
  1.180000000000E+00  1.000000175971E+00  1.000000193528E+00
  1.190000000000E+00  1.000000186971E+00  1.000000198502E+00
  1.200000000000E+00  1.000000208643E+00  1.000000203767E+00
  1.210000000000E+00  1.000000192919E+00  1.000000209210E+00
  1.220000000000E+00  1.000000210754E+00  1.000000214246E+00
  1.230000000000E+00  1.000000208889E+00  1.000000217201E+00
  1.240000000000E+00  1.000000226956E+00  1.000000229602E+00
  1.250000000000E+00  1.000000237715E+00  1.000000237955E+00
  1.260000000000E+00  1.000000243862E+00  1.000000242052E+00
  1.270000000000E+00  1.000000226473E+00  1.000000250882E+00
  1.280000000000E+00  1.000000253731E+00  1.000000263698E+00
  1.290000000000E+00  1.000000261189E+00  1.000000272578E+00
  1.300000000000E+00  1.000000274173E+00  1.000000281476E+00
  1.310000000000E+00  1.000000277677E+00  1.000000289028E+00
  1.320000000000E+00  1.000000286479E+00  1.000000296956E+00
  1.330000000000E+00  1.000000299862E+00  1.000000314027E+00
  1.340000000000E+00  1.000000318626E+00  1.000000326425E+00
  1.350000000000E+00  1.000000317710E+00  1.000000328158E+00
  1.360000000000E+00  1.000000332237E+00  1.000000344578E+00
  1.370000000000E+00  1.000000340933E+00  1.000000353158E+00
  1.380000000000E+00  1.000000354259E+00  1.000000369232E+00
  1.390000000000E+00  1.000000360015E+00  1.000000377877E+00
  1.400000000000E+00  1.000000394214E+00  1.000000392586E+00
  1.410000000000E+00  1.000000398738E+00  1.000000408828E+00
  1.420000000000E+00  1.000000414093E+00  1.000000415781E+00
  1.430000000000E+00  1.000000413841E+00  1.000000432104E+00
  1.440000000000E+00  1.000000452312E+00  1.000000446589E+00
  1.450000000000E+00  1.000000458657E+00  1.000000459856E+00
  1.460000000000E+00  1.000000473070E+00  1.000000479045E+00
  1.470000000000E+00  1.000000479862E+00  1.000000491635E+00
  1.480000000000E+00  1.000000495519E+00  1.000000515056E+00
  1.490000000000E+00  1.000000519024E+00  1.000000529314E+00
  1.500000000000E+00  1.000000533485E+00  1.000000541338E+00
  1.510000000000E+00  1.000000531197E+00  1.000000566997E+00
  1.520000000000E+00  1.000000566968E+00  1.000000574330E+00
  1.530000000000E+00  1.000000590124E+00  1.000000600386E+00
  1.540000000000E+00  1.000000600995E+00  1.000000626419E+00
  1.550000000000E+00  1.000000637167E+00  1.000000642862E+00
  1.560000000000E+00  1.000000652290E+00  1.000000665916E+00
  1.570000000000E+00  1.000000658664E+00  1.000000688064E+00
  1.580000000000E+00  1.000000699310E+00  1.000000708678E+00
  1.590000000000E+00  1.000000716127E+00  1.000000735337E+00
  1.600000000000E+00  1.000000732533E+00  1.000000766991E+00
  1.610000000000E+00  1.000000771088E+00  1.000000792252E+00
  1.620000000000E+00  1.000000795417E+00  1.000000821024E+00
  1.630000000000E+00  1.000000833471E+00  1.000000844730E+00
  1.640000000000E+00  1.000000848713E+00  1.000000881834E+00
  1.650000000000E+00  1.000000871123E+00  1.000000901221E+00
  1.660000000000E+00  1.000000917826E+00  1.000000937365E+00
  1.670000000000E+00  1.000000943804E+00  1.000000966947E+00
  1.680000000000E+00  1.000000970483E+00  1.000000996938E+00
  1.690000000000E+00  1.000001015952E+00  1.000001031615E+00
  1.700000000000E+00  1.000001053523E+00  1.000001069405E+00
  1.710000000000E+00  1.000001085671E+00  1.000001107507E+00
  1.720000000000E+00  1.000001111463E+00  1.000001150099E+00
  1.730000000000E+00  1.000001153443E+00  1.000001180708E+00
  1.740000000000E+00  1.000001212841E+00  1.000001227444E+00
  1.750000000000E+00  1.000001237690E+00  1.000001267428E+00
  1.760000000000E+00  1.000001271427E+00  1.000001308233E+00
  1.770000000000E+00  1.000001321085E+00  1.000001353573E+00
  1.780000000000E+00  1.000001362739E+00  1.000001402021E+00
  1.790000000000E+00  1.000001422840E+00  1.000001456749E+00
  1.800000000000E+00  1.000001461038E+00  1.000001508027E+00
  1.810000000000E+00  1.000001528971E+00  1.000001557664E+00
  1.820000000000E+00  1.000001558226E+00  1.000001608392E+00
  1.830000000000E+00  1.000001628774E+00  1.000001661132E+00
  1.840000000000E+00  1.000001682656E+00  1.000001717773E+00
  1.850000000000E+00  1.000001738235E+00  1.000001771313E+00
  1.860000000000E+00  1.000001797148E+00  1.000001842136E+00
  1.870000000000E+00  1.000001858307E+00  1.000001894805E+00
  1.880000000000E+00  1.000001924280E+00  1.000001963215E+00
  1.890000000000E+00  1.000001978986E+00  1.000002035514E+00
  1.900000000000E+00  1.000002058134E+00  1.000002106594E+00
  1.910000000000E+00  1.000002134565E+00  1.000002177579E+00
  1.920000000000E+00  1.000002201690E+00  1.000002250722E+00
  1.930000000000E+00  1.000002276053E+00  1.000002325137E+00
  1.940000000000E+00  1.000002345999E+00  1.000002407632E+00
  1.950000000000E+00  1.000002440134E+00  1.000002492276E+00
  1.960000000000E+00  1.000002515005E+00  1.000002572804E+00
  1.970000000000E+00  1.000002609896E+00  1.000002668502E+00
  1.980000000000E+00  1.000002693627E+00  1.000002751007E+00
  1.990000000000E+00  1.000002797766E+00  1.000002848216E+00
  2.000000000000E+00  1.000002876892E+00  1.000002950541E+00
  2.010000000000E+00  1.000002993387E+00  1.000003050936E+00
  2.020000000000E+00  1.000003084803E+00  1.000003159064E+00
  2.030000000000E+00  1.000003193292E+00  1.000003267339E+00
  2.040000000000E+00  1.000003288337E+00  1.000003371944E+00
  2.050000000000E+00  1.000003429711E+00  1.000003492267E+00
  2.060000000000E+00  1.000003538297E+00  1.000003613607E+00
  2.070000000000E+00  1.000003662718E+00  1.000003740101E+00
  2.080000000000E+00  1.000003760309E+00  1.000003868931E+00
  2.090000000000E+00  1.000003911804E+00  1.000003997498E+00
  2.100000000000E+00  1.000004047493E+00  1.000004138907E+00
  2.110000000000E+00  1.000004191802E+00  1.000004282262E+00
  2.120000000000E+00  1.000004338491E+00  1.000004427161E+00
  2.130000000000E+00  1.000004493887E+00  1.000004586816E+00
  2.140000000000E+00  1.000004633521E+00  1.000004747168E+00
  2.150000000000E+00  1.000004787511E+00  1.000004907646E+00
  2.160000000000E+00  1.000004943488E+00  1.000005074317E+00
  2.170000000000E+00  1.000005143566E+00  1.000005245675E+00
  2.180000000000E+00  1.000005307328E+00  1.000005425976E+00
  2.190000000000E+00  1.000005494667E+00  1.000005619356E+00
  2.200000000000E+00  1.000005675326E+00  1.000005812983E+00
  2.210000000000E+00  1.000005873745E+00  1.000006007193E+00
  2.220000000000E+00  1.000006076012E+00  1.000006216106E+00
  2.230000000000E+00  1.000006285728E+00  1.000006428792E+00
  2.240000000000E+00  1.000006518784E+00  1.000006649302E+00
  2.250000000000E+00  1.000006731731E+00  1.000006880763E+00
  2.260000000000E+00  1.000006964637E+00  1.000007112961E+00
  2.270000000000E+00  1.000007202736E+00  1.000007366600E+00
  2.280000000000E+00  1.000007458089E+00  1.000007612101E+00
  2.290000000000E+00  1.000007706837E+00  1.000007881337E+00
  2.300000000000E+00  1.000007968767E+00  1.000008158889E+00
  2.310000000000E+00  1.000008262655E+00  1.000008434229E+00
  2.320000000000E+00  1.000008531239E+00  1.000008725569E+00
  2.330000000000E+00  1.000008816460E+00  1.000009026844E+00
  2.340000000000E+00  1.000009137124E+00  1.000009338712E+00
  2.350000000000E+00  1.000009441224E+00  1.000009662812E+00
  2.360000000000E+00  1.000009770668E+00  1.000009997006E+00
  2.370000000000E+00  1.000010112897E+00  1.000010345191E+00
  2.380000000000E+00  1.000010462582E+00  1.000010699650E+00
  2.390000000000E+00  1.000010823011E+00  1.000011063382E+00
  2.400000000000E+00  1.000011194320E+00  1.000011454859E+00
  2.410000000000E+00  1.000011579774E+00  1.000011849438E+00
  2.420000000000E+00  1.000011980434E+00  1.000012253027E+00
  2.430000000000E+00  1.000012386503E+00  1.000012680348E+00
  2.440000000000E+00  1.000012837212E+00  1.000013118673E+00
  2.450000000000E+00  1.000013270296E+00  1.000013563517E+00
  2.460000000000E+00  1.000013723904E+00  1.000014035215E+00
  2.470000000000E+00  1.000014199242E+00  1.000014522164E+00
  2.480000000000E+00  1.000014693531E+00  1.000015029677E+00
  2.490000000000E+00  1.000015189289E+00  1.000015532152E+00
  2.500000000000E+00  1.000015702543E+00  1.000016072591E+00
  2.510000000000E+00  1.000016255720E+00  1.000016633844E+00
  2.520000000000E+00  1.000016818732E+00  1.000017200779E+00
  2.530000000000E+00  1.000017399057E+00  1.000017801179E+00
  2.540000000000E+00  1.000018007297E+00  1.000018412799E+00
  2.550000000000E+00  1.000018613174E+00  1.000019046234E+00
  2.560000000000E+00  1.000019259296E+00  1.000019705959E+00
  2.570000000000E+00  1.000019938589E+00  1.000020382956E+00
  2.580000000000E+00  1.000020619456E+00  1.000021089892E+00
  2.590000000000E+00  1.000021318032E+00  1.000021815706E+00
  2.600000000000E+00  1.000022064444E+00  1.000022571209E+00
  2.610000000000E+00  1.000022845461E+00  1.000023360441E+00
  2.620000000000E+00  1.000023616116E+00  1.000024162759E+00
  2.630000000000E+00  1.000024437630E+00  1.000024997509E+00
  2.640000000000E+00  1.000025268758E+00  1.000025853206E+00
  2.650000000000E+00  1.000026171976E+00  1.000026754521E+00
  2.660000000000E+00  1.000027069775E+00  1.000027668083E+00
  2.670000000000E+00  1.000028000525E+00  1.000028626708E+00
  2.680000000000E+00  1.000028976859E+00  1.000029620579E+00
  2.690000000000E+00  1.000029951888E+00  1.000030638873E+00
  2.700000000000E+00  1.000030977403E+00  1.000031697425E+00
  2.710000000000E+00  1.000032071445E+00  1.000032792151E+00
  2.720000000000E+00  1.000033169537E+00  1.000033922228E+00
  2.730000000000E+00  1.000034314168E+00  1.000035101861E+00
  2.740000000000E+00  1.000035497166E+00  1.000036308484E+00
  2.750000000000E+00  1.000036716450E+00  1.000037568708E+00
  2.760000000000E+00  1.000037998484E+00  1.000038860197E+00
  2.770000000000E+00  1.000039299564E+00  1.000040211480E+00
  2.780000000000E+00  1.000040672446E+00  1.000041594775E+00
  2.790000000000E+00  1.000042076713E+00  1.000043035850E+00
  2.800000000000E+00  1.000043530704E+00  1.000044514306E+00
  2.810000000000E+00  1.000045033737E+00  1.000046055863E+00
  2.820000000000E+00  1.000046606917E+00  1.000047647392E+00
  2.830000000000E+00  1.000048192880E+00  1.000049286042E+00
  2.840000000000E+00  1.000049857825E+00  1.000050991962E+00
  2.850000000000E+00  1.000051585902E+00  1.000052752920E+00
  2.860000000000E+00  1.000053359263E+00  1.000054577455E+00
  2.870000000000E+00  1.000055203643E+00  1.000056455432E+00
  2.880000000000E+00  1.000057116345E+00  1.000058412400E+00
  2.890000000000E+00  1.000059095449E+00  1.000060425653E+00
  2.900000000000E+00  1.000061146783E+00  1.000062512389E+00
  2.910000000000E+00  1.000063222652E+00  1.000064675204E+00
  2.920000000000E+00  1.000065426984E+00  1.000066908567E+00
  2.930000000000E+00  1.000067684321E+00  1.000069214066E+00
  2.940000000000E+00  1.000070003794E+00  1.000071606509E+00
  2.950000000000E+00  1.000072448478E+00  1.000074085390E+00
  2.960000000000E+00  1.000074945964E+00  1.000076639864E+00
  2.970000000000E+00  1.000077524618E+00  1.000079285343E+00
  2.980000000000E+00  1.000080203574E+00  1.000082028165E+00
  2.990000000000E+00  1.000082971093E+00  1.000084852133E+00
  3.000000000000E+00  1.000085833542E+00  1.000087783259E+00
  3.010000000000E+00  1.000088807029E+00  1.000090823601E+00
  3.020000000000E+00  1.000091864955E+00  1.000093957440E+00
  3.030000000000E+00  1.000095035086E+00  1.000097205813E+00
  3.040000000000E+00  1.000098331120E+00  1.000100555294E+00
  3.050000000000E+00  1.000101717895E+00  1.000104033917E+00
  3.060000000000E+00  1.000105234809E+00  1.000107627485E+00
  3.070000000000E+00  1.000108877333E+00  1.000111342263E+00
  3.080000000000E+00  1.000112612199E+00  1.000115183064E+00
  3.090000000000E+00  1.000116530904E+00  1.000119164069E+00
  3.100000000000E+00  1.000120560777E+00  1.000123279720E+00
  3.110000000000E+00  1.000124700140E+00  1.000127535476E+00
  3.120000000000E+00  1.000128993506E+00  1.000131930771E+00
  3.130000000000E+00  1.000133461763E+00  1.000136488370E+00
  3.140000000000E+00  1.000138079590E+00  1.000141211047E+00
  3.150000000000E+00  1.000142844950E+00  1.000146078340E+00
  3.160000000000E+00  1.000147775809E+00  1.000151126393E+00
  3.170000000000E+00  1.000152883988E+00  1.000156341254E+00
  3.180000000000E+00  1.000158161970E+00  1.000161743766E+00
  3.190000000000E+00  1.000163615231E+00  1.000167323781E+00
  3.200000000000E+00  1.000169262382E+00  1.000173103009E+00
  3.210000000000E+00  1.000175113348E+00  1.000179075991E+00
  3.220000000000E+00  1.000181147848E+00  1.000185258843E+00
  3.230000000000E+00  1.000187375764E+00  1.000191653581E+00
  3.240000000000E+00  1.000193857702E+00  1.000198266857E+00
  3.250000000000E+00  1.000200560190E+00  1.000205113576E+00
  3.260000000000E+00  1.000207470262E+00  1.000212192197E+00
  3.270000000000E+00  1.000214661461E+00  1.000219517747E+00
  3.280000000000E+00  1.000222050782E+00  1.000227094479E+00
  3.290000000000E+00  1.000229717996E+00  1.000234935339E+00
  3.300000000000E+00  1.000237648298E+00  1.000243035774E+00
  3.310000000000E+00  1.000245852246E+00  1.000251422462E+00
  3.320000000000E+00  1.000254339427E+00  1.000260102850E+00
  3.330000000000E+00  1.000263125807E+00  1.000269076670E+00
  3.340000000000E+00  1.000272181753E+00  1.000278355779E+00
  3.350000000000E+00  1.000281587529E+00  1.000287964688E+00
  3.360000000000E+00  1.000291306042E+00  1.000297904229E+00
  3.370000000000E+00  1.000301353098E+00  1.000308180720E+00
  3.380000000000E+00  1.000311740737E+00  1.000318808211E+00
  3.390000000000E+00  1.000322496702E+00  1.000329798749E+00
  3.400000000000E+00  1.000333625592E+00  1.000341179254E+00
  3.410000000000E+00  1.000345145474E+00  1.000352949117E+00
  3.420000000000E+00  1.000357024277E+00  1.000365112925E+00
  3.430000000000E+00  1.000369348724E+00  1.000377706218E+00
  3.440000000000E+00  1.000382101591E+00  1.000390731591E+00
  3.450000000000E+00  1.000395255938E+00  1.000404200878E+00
  3.460000000000E+00  1.000408905379E+00  1.000418139159E+00
  3.470000000000E+00  1.000422995580E+00  1.000432554724E+00
  3.480000000000E+00  1.000437567663E+00  1.000447466863E+00
  3.490000000000E+00  1.000452645911E+00  1.000462893782E+00
  3.500000000000E+00  1.000468254488E+00  1.000478845347E+00
  3.510000000000E+00  1.000484389449E+00  1.000495346996E+00
  3.520000000000E+00  1.000501084148E+00  1.000512414233E+00
  3.530000000000E+00  1.000518355902E+00  1.000530072011E+00
  3.540000000000E+00  1.000536224614E+00  1.000548338320E+00
  3.550000000000E+00  1.000554704419E+00  1.000567222555E+00
  3.560000000000E+00  1.000573807203E+00  1.000586765516E+00
  3.570000000000E+00  1.000593567874E+00  1.000606973889E+00
  3.580000000000E+00  1.000614015629E+00  1.000627883006E+00
  3.590000000000E+00  1.000635173913E+00  1.000649500850E+00
  3.600000000000E+00  1.000657043143E+00  1.000671866442E+00
  3.610000000000E+00  1.000679673265E+00  1.000694992964E+00
  3.620000000000E+00  1.000703057620E+00  1.000718911810E+00
  3.630000000000E+00  1.000727255655E+00  1.000743657733E+00
  3.640000000000E+00  1.000752287651E+00  1.000769249239E+00
  3.650000000000E+00  1.000778184302E+00  1.000795712440E+00
  3.660000000000E+00  1.000804945539E+00  1.000823085674E+00
  3.670000000000E+00  1.000832630578E+00  1.000851397894E+00
  3.680000000000E+00  1.000861283424E+00  1.000880674765E+00
  3.690000000000E+00  1.000890910304E+00  1.000910955866E+00
  3.700000000000E+00  1.000921518107E+00  1.000942269154E+00
  3.710000000000E+00  1.000953219415E+00  1.000974657790E+00
  3.720000000000E+00  1.000985994403E+00  1.001008152219E+00
  3.730000000000E+00  1.001019880517E+00  1.001042790281E+00
  3.740000000000E+00  1.001054924539E+00  1.001078615996E+00
  3.750000000000E+00  1.001091158782E+00  1.001115656535E+00
  3.760000000000E+00  1.001128634920E+00  1.001153965492E+00
  3.770000000000E+00  1.001167392516E+00  1.001193578698E+00
  3.780000000000E+00  1.001207460673E+00  1.001234548370E+00
  3.790000000000E+00  1.001248929036E+00  1.001276915701E+00
  3.800000000000E+00  1.001291780078E+00  1.001320711943E+00
  3.810000000000E+00  1.001336092102E+00  1.001366011644E+00
  3.820000000000E+00  1.001381915981E+00  1.001412854793E+00
  3.830000000000E+00  1.001429308866E+00  1.001461277421E+00
  3.840000000000E+00  1.001478316737E+00  1.001511354633E+00
  3.850000000000E+00  1.001528952885E+00  1.001563133761E+00
  3.860000000000E+00  1.001581341235E+00  1.001616662927E+00
  3.870000000000E+00  1.001635494647E+00  1.001672023292E+00
  3.880000000000E+00  1.001691516714E+00  1.001729245495E+00
  3.890000000000E+00  1.001749414786E+00  1.001788410839E+00
  3.900000000000E+00  1.001809262850E+00  1.001849584048E+00
  3.910000000000E+00  1.001871159521E+00  1.001912816035E+00
  3.920000000000E+00  1.001935155325E+00  1.001978196629E+00
  3.930000000000E+00  1.002001293484E+00  1.002045782257E+00
  3.940000000000E+00  1.002069689833E+00  1.002115647596E+00
  3.950000000000E+00  1.002140372495E+00  1.002187878813E+00
  3.960000000000E+00  1.002213447697E+00  1.002262532979E+00
  3.970000000000E+00  1.002288987901E+00  1.002339707941E+00
  3.980000000000E+00  1.002367074207E+00  1.002419474676E+00
  3.990000000000E+00  1.002447782138E+00  1.002501926031E+00
  4.000000000000E+00  1.002531225547E+00  1.002587147584E+00
  4.010000000000E+00  1.002617442591E+00  1.002675216588E+00
  4.020000000000E+00  1.002706566679E+00  1.002766255137E+00
  4.030000000000E+00  1.002798670547E+00  1.002860331328E+00
  4.040000000000E+00  1.002893867349E+00  1.002957548294E+00
  4.050000000000E+00  1.002992233303E+00  1.003058009911E+00
  4.060000000000E+00  1.003093909279E+00  1.003161836606E+00
  4.070000000000E+00  1.003198943838E+00  1.003269117473E+00
  4.080000000000E+00  1.003307498334E+00  1.003379965134E+00
  4.090000000000E+00  1.003419680591E+00  1.003494501508E+00
  4.100000000000E+00  1.003535580716E+00  1.003612833048E+00
  4.110000000000E+00  1.003655337684E+00  1.003735089674E+00
  4.120000000000E+00  1.003779062753E+00  1.003861398583E+00
  4.130000000000E+00  1.003906865462E+00  1.003991866447E+00
  4.140000000000E+00  1.004038916225E+00  1.004126648681E+00
  4.150000000000E+00  1.004175300001E+00  1.004265867939E+00
  4.160000000000E+00  1.004316193760E+00  1.004409665560E+00
  4.170000000000E+00  1.004461711747E+00  1.004558190842E+00
  4.180000000000E+00  1.004612033143E+00  1.004711573679E+00
  4.190000000000E+00  1.004767276949E+00  1.004869977208E+00
  4.200000000000E+00  1.004927588522E+00  1.005033544762E+00
  4.210000000000E+00  1.005093146521E+00  1.005202462728E+00
  4.220000000000E+00  1.005264091392E+00  1.005376852011E+00
  4.230000000000E+00  1.005440607493E+00  1.005556908332E+00
  4.240000000000E+00  1.005622834303E+00  1.005742793117E+00
  4.250000000000E+00  1.005810974678E+00  1.005934682351E+00
  4.260000000000E+00  1.006005203450E+00  1.006132761607E+00
  4.270000000000E+00  1.006205713068E+00  1.006337206712E+00
  4.280000000000E+00  1.006412645930E+00  1.006548196851E+00
  4.290000000000E+00  1.006626216671E+00  1.006765939272E+00
  4.300000000000E+00  1.006846634917E+00  1.006990643597E+00
  4.310000000000E+00  1.007074102675E+00  1.007222483426E+00
  4.320000000000E+00  1.007308790954E+00  1.007461671301E+00
  4.330000000000E+00  1.007550924801E+00  1.007708438484E+00
  4.340000000000E+00  1.007800729548E+00  1.007962976270E+00
  4.350000000000E+00  1.008058424974E+00  1.008225516461E+00
  4.360000000000E+00  1.008324211181E+00  1.008496278871E+00
  4.370000000000E+00  1.008598334071E+00  1.008775492176E+00
  4.380000000000E+00  1.008881022472E+00  1.009063395327E+00
  4.390000000000E+00  1.009172514227E+00  1.009360217995E+00
  4.400000000000E+00  1.009473040528E+00  1.009666209142E+00
  4.410000000000E+00  1.009782847392E+00  1.009981617611E+00
  4.420000000000E+00  1.010102220510E+00  1.010306669204E+00
  4.430000000000E+00  1.010431369791E+00  1.010641642903E+00
  4.440000000000E+00  1.010770578469E+00  1.010986793415E+00
  4.450000000000E+00  1.011120072205E+00  1.011342389914E+00
  4.460000000000E+00  1.011480141319E+00  1.011708669486E+00
  4.470000000000E+00  1.011851067293E+00  1.012085919106E+00
  4.480000000000E+00  1.012233149692E+00  1.012474417114E+00
  4.490000000000E+00  1.012626567778E+00  1.012874434689E+00
  4.500000000000E+00  1.013031696777E+00  1.013286242714E+00
  4.510000000000E+00  1.013448781675E+00  1.013710131317E+00
  4.520000000000E+00  1.013878109499E+00  1.014146363221E+00
  4.530000000000E+00  1.014319957948E+00  1.014595250768E+00
  4.540000000000E+00  1.014774639079E+00  1.015057064621E+00
  4.550000000000E+00  1.015242416004E+00  1.015532086250E+00
  4.560000000000E+00  1.015723596560E+00  1.016020631861E+00
  4.570000000000E+00  1.016218497013E+00  1.016522959009E+00
  4.580000000000E+00  1.016727381416E+00  1.017039381897E+00
  4.590000000000E+00  1.017250531094E+00  1.017570174386E+00
  4.600000000000E+00  1.017788273521E+00  1.018115621555E+00
  4.610000000000E+00  1.018340897834E+00  1.018676020425E+00
  4.620000000000E+00  1.018908681950E+00  1.019251648509E+00
  4.630000000000E+00  1.019491897582E+00  1.019842792527E+00
  4.640000000000E+00  1.020090865185E+00  1.020449737171E+00
  4.650000000000E+00  1.020705869306E+00  1.021072742854E+00
  4.660000000000E+00  1.021337173827E+00  1.021712098086E+00
  4.670000000000E+00  1.021985049973E+00  1.022368043585E+00
  4.680000000000E+00  1.022649761673E+00  1.023040862272E+00
  4.690000000000E+00  1.023331609947E+00  1.023730798461E+00
  4.700000000000E+00  1.024030804914E+00  1.024438090969E+00
  4.710000000000E+00  1.024747621841E+00  1.025162983669E+00
  4.720000000000E+00  1.025482279926E+00  1.025905704246E+00
  4.730000000000E+00  1.026235058850E+00  1.026666478057E+00
  4.740000000000E+00  1.027006141515E+00  1.027445484294E+00
  4.750000000000E+00  1.027795721469E+00  1.028242948252E+00
  4.760000000000E+00  1.028604031174E+00  1.029059030107E+00
  4.770000000000E+00  1.029431227976E+00  1.029893909479E+00
  4.780000000000E+00  1.030277507336E+00  1.030747735175E+00
  4.790000000000E+00  1.031143009854E+00  1.031620647514E+00
  4.800000000000E+00  1.032027861166E+00  1.032512753724E+00
  4.810000000000E+00  1.032932180817E+00  1.033424173158E+00
  4.820000000000E+00  1.033856102179E+00  1.034354974134E+00
  4.830000000000E+00  1.034799688570E+00  1.035305228540E+00
  4.840000000000E+00  1.035762990854E+00  1.036274971078E+00
  4.850000000000E+00  1.036746064142E+00  1.037264225673E+00
  4.860000000000E+00  1.037748907499E+00  1.038272990841E+00
  4.870000000000E+00  1.038771534006E+00  1.039301229602E+00
  4.880000000000E+00  1.039813888758E+00  1.040348906756E+00
  4.890000000000E+00  1.040875921949E+00  1.041415928103E+00
  4.900000000000E+00  1.041957581779E+00  1.042502190071E+00
  4.910000000000E+00  1.043058723097E+00  1.043607562944E+00
  4.920000000000E+00  1.044179215388E+00  1.044731881967E+00
  4.930000000000E+00  1.045318836165E+00  1.045874963564E+00
  4.940000000000E+00  1.046477461942E+00  1.047036580473E+00
  4.950000000000E+00  1.047654844004E+00  1.048216482553E+00
  4.960000000000E+00  1.048850696455E+00  1.049414404178E+00
  4.970000000000E+00  1.050064728324E+00  1.050630004800E+00
  4.980000000000E+00  1.051296619078E+00  1.051862949992E+00
  4.990000000000E+00  1.052546020625E+00  1.053112872124E+00
  5.000000000000E+00  1.053812498204E+00  1.054379351528E+00
  5.010000000000E+00  1.055095654995E+00  1.055661944328E+00
  5.020000000000E+00  1.056395039411E+00  1.056960195823E+00
  5.030000000000E+00  1.057710144108E+00  1.058273579314E+00
  5.040000000000E+00  1.059040472105E+00  1.059601567286E+00
  5.050000000000E+00  1.060385387287E+00  1.060943593129E+00
  5.060000000000E+00  1.061744381551E+00  1.062299055158E+00
  5.070000000000E+00  1.063116791304E+00  1.063667315561E+00
  5.080000000000E+00  1.064501938641E+00  1.065047734206E+00
  5.090000000000E+00  1.065899174747E+00  1.066439606687E+00
  5.100000000000E+00  1.067307796245E+00  1.067842231570E+00
  5.110000000000E+00  1.068727018309E+00  1.069254848988E+00
  5.120000000000E+00  1.070156119989E+00  1.070676725099E+00
  5.130000000000E+00  1.071594270383E+00  1.072107042654E+00
  5.140000000000E+00  1.073040639132E+00  1.073544998241E+00
  5.150000000000E+00  1.074494435251E+00  1.074989782373E+00
  5.160000000000E+00  1.075954749282E+00  1.076440508299E+00
  5.170000000000E+00  1.077420768540E+00  1.077896335780E+00
  5.180000000000E+00  1.078891460699E+00  1.079356369244E+00
  5.190000000000E+00  1.080366034751E+00  1.080819746752E+00
  5.200000000000E+00  1.081843598984E+00  1.082285544844E+00
  5.210000000000E+00  1.083323129761E+00  1.083752796725E+00
  5.220000000000E+00  1.084803525268E+00  1.085220586039E+00
  5.230000000000E+00  1.086284013025E+00  1.086688239905E+00
  5.240000000000E+00  1.087764166879E+00  1.088154743004E+00
  5.250000000000E+00  1.089242598157E+00  1.089618458957E+00
  5.260000000000E+00  1.090716600533E+00  1.091078699579E+00
  5.270000000000E+00  1.092186467381E+00  1.092536748923E+00
  5.280000000000E+00  1.093657020079E+00  1.093991112593E+00
  5.290000000000E+00  1.095123875365E+00  1.095433867449E+00
  5.300000000000E+00  1.096566583874E+00  1.096865470107E+00
  5.310000000000E+00  1.097993995724E+00  1.098308421585E+00
  5.320000000000E+00  1.099472818414E+00  1.099759092853E+00
  5.330000000000E+00  1.100974973968E+00  1.101136435289E+00
  5.340000000000E+00  1.102259673557E+00  1.102443321345E+00
  5.350000000000E+00  1.103399002863E+00  1.103961771024E+00
  5.360000000000E+00  1.105266380821E+00  1.105699922003E+00
  5.370000000000E+00  1.107679880199E+00  1.106631875617E+00
  5.380000000000E+00  1.107377373529E+00  1.106642029163E+00
  5.390000000000E+00  1.104718065028E+00  1.109542368267E+00
  5.400000000000E+00  1.112151522449E+00  1.116080415626E+00
  5.410000000000E+00  1.129517539922E+00  1.111725267396E+00
  5.420000000000E+00  1.108227178106E+00  1.092348333009E+00
  5.430000000000E+00  1.044105229402E+00  1.114615143006E+00
  5.440000000000E+00  1.130796092232E+00  1.199825213527E+00
  5.450000000000E+00  1.404387030213E+00  1.122132508607E+00
  5.460000000000E+00  1.077568376146E+00  7.749541039495E-01
  5.470000000000E+00 -7.720734711571E-02  1.077026271311E+00
  5.480000000000E+00  1.202351818636E+00  2.554167213198E+00
  5.490000000000E+00  6.202865824947E+00  1.396605928013E+00
  5.500000000000E+00  1.165615657490E+00 -4.980455116245E+00
  5.510000000000E+00 -2.082769550576E+01 -4.897572876686E-01
  5.520000000000E+00 -7.218518512293E-01  2.752634855573E+01
  5.530000000000E+00  9.787129150630E+01  1.013080690991E+01
  5.540000000000E+00  1.944670117471E+01 -1.169144731172E+02
  5.550000000000E+00 -4.225329430452E+02 -6.244249872094E+01
  5.560000000000E+00 -1.572790426110E+02  5.409822780003E+02
  5.570000000000E+00  2.395732861805E+03 -3.959254334132E+02
  5.580000000000E+00 -2.903995473278E+18  2.053890097818E+18
  5.000000000000E-01  1.000000707993E+00  9.999996129520E-01
  1.000000000000E+00  1.000000116667E+00  1.000000103930E+00
  1.500000000000E+00  1.000000548101E+00  1.000000547532E+00
  2.000000000000E+00  1.000002890189E+00  1.000002950925E+00
  2.500000000000E+00  1.000015715486E+00  1.000016076752E+00
  3.000000000000E+00  1.000085844883E+00  1.000087787053E+00
  3.500000000000E+00  1.000468257961E+00  1.000478823985E+00
  4.000000000000E+00  1.002531253375E+00  1.002587028698E+00
  4.500000000000E+00  1.013031892389E+00  1.013285665281E+00
  5.000000000000E+00  1.053813008433E+00  1.054377488412E+00
  5.500000000000E+00  1.123066855041E+00  1.123070933904E+00
  6.000000000000E+00  1.156759997530E+00  1.156628270521E+00
  6.500000000000E+00  1.163581864500E+00  1.163551854716E+00
  7.000000000000E+00  4.555535380720E+01  3.167597194985E+01
