  1.000000000000E-02  6.836318563606E-05  1.500388939186E-04
  2.000000000000E-02  1.218506176881E-04  1.722419675192E-04
  3.000000000000E-02  1.484706215775E-04  1.745988922723E-04
  4.000000000000E-02  1.600416952171E-04  1.725640391178E-04
  5.000000000000E-02  1.642362572143E-04  1.696721382740E-04
  6.000000000000E-02  1.650000865591E-04  1.668943008079E-04
  7.000000000000E-02  1.642826575658E-04  1.645172928930E-04
  8.000000000000E-02  1.630458179611E-04  1.626143611417E-04
  9.000000000000E-02  1.617619083636E-04  1.611844486813E-04
  1.000000000000E-01  1.606567820344E-04  1.601999485058E-04
  1.100000000000E-01  1.598308275924E-04  1.596251538084E-04
  1.200000000000E-01  1.593206683815E-04  1.594238939085E-04
  1.300000000000E-01  1.591311808282E-04  1.595626857218E-04
  1.400000000000E-01  1.592522617790E-04  1.600118764414E-04
  1.500000000000E-01  1.596675955057E-04  1.607458580318E-04
  1.600000000000E-01  1.603591665134E-04  1.617428625533E-04
  1.700000000000E-01  1.613094967226E-04  1.629845880442E-04
  1.800000000000E-01  1.625026686945E-04  1.644557782525E-04
  1.900000000000E-01  1.639247101007E-04  1.661438151641E-04
  2.000000000000E-01  1.655636521293E-04  1.680383499756E-04
  2.100000000000E-01  1.674094312064E-04  1.701309810480E-04
  2.200000000000E-01  1.694537246519E-04  1.724149788944E-04
  2.300000000000E-01  1.716897675399E-04  1.748850543711E-04
  2.400000000000E-01  1.741121742754E-04  1.775371647939E-04
  2.500000000000E-01  1.767167755266E-04  1.803683524739E-04
  2.600000000000E-01  1.795004743262E-04  1.833766105417E-04
  2.700000000000E-01  1.824611216781E-04  1.865607715200E-04
  2.800000000000E-01  1.855974103603E-04  1.899204147724E-04
  2.900000000000E-01  1.889087849513E-04  1.934557895761E-04
  3.000000000000E-01  1.923953659577E-04  1.971677511318E-04
  3.100000000000E-01  1.960578860180E-04  2.010577072975E-04
  3.200000000000E-01  1.998976363640E-04  2.051275742422E-04
  3.300000000000E-01  2.039164219615E-04  2.093797395400E-04
  3.400000000000E-01  2.081165239865E-04  2.138170315041E-04
  3.500000000000E-01  2.125006685091E-04  2.184426937762E-04
  3.600000000000E-01  2.170720004437E-04  2.232603643695E-04
  3.700000000000E-01  2.218340619827E-04  2.282740585052E-04
  3.800000000000E-01  2.267907748667E-04  2.334881547060E-04
  3.900000000000E-01  2.319464259528E-04  2.389073836965E-04
  4.000000000000E-01  2.373056556370E-04  2.445368197486E-04
  4.100000000000E-01  2.428734487579E-04  2.503818741620E-04
  4.200000000000E-01  2.486551276770E-04  2.564482906306E-04
  4.300000000000E-01  2.546563472752E-04  2.627421422802E-04
  4.400000000000E-01  2.608830916533E-04  2.692698302043E-04
  4.500000000000E-01  2.673416723542E-04  2.760380833466E-04
  4.600000000000E-01  2.740387279575E-04  2.830539596086E-04
  4.700000000000E-01  2.809812249163E-04  2.903248480752E-04
  4.800000000000E-01  2.881764595323E-04  2.978584722720E-04
  4.900000000000E-01  2.956320609753E-04  3.056628943796E-04
  5.000000000000E-01  3.033559952731E-04  3.137465203405E-04
  5.100000000000E-01  3.113565702058E-04  3.221181058105E-04
  5.200000000000E-01  3.196424410512E-04  3.307867629051E-04
  5.300000000000E-01  3.282226171359E-04  3.397619677097E-04
  5.400000000000E-01  3.371064691536E-04  3.490535685193E-04
  5.500000000000E-01  3.463037372197E-04  3.586717947863E-04
  5.600000000000E-01  3.558245396365E-04  3.686272667550E-04
  5.700000000000E-01  3.656793823488E-04  3.789310057678E-04
  5.800000000000E-01  3.758791690730E-04  3.895944452326E-04
  5.900000000000E-01  3.864352120877E-04  4.006294422418E-04
  6.000000000000E-01  3.973592436770E-04  4.120482898393E-04
  6.100000000000E-01  4.086634282216E-04  4.238637299327E-04
  6.200000000000E-01  4.203603749333E-04  4.360889668507E-04
  6.300000000000E-01  4.324631512340E-04  4.487376815497E-04
  6.400000000000E-01  4.449852967808E-04  4.618240464726E-04
  6.500000000000E-01  4.579408381419E-04  4.753627410679E-04
  6.600000000000E-01  4.713443041285E-04  4.893689679772E-04
  6.700000000000E-01  4.852107417925E-04  5.038584699021E-04
  6.800000000000E-01  4.995557330987E-04  5.188475471607E-04
  6.900000000000E-01  5.143954122834E-04  5.343530759503E-04
  7.000000000000E-01  5.297464839131E-04  5.503925273279E-04
  7.100000000000E-01  5.456262416571E-04  5.669839869284E-04
  7.200000000000E-01  5.620525877906E-04  5.841461754351E-04
  7.300000000000E-01  5.790440534467E-04  6.018984698250E-04
  7.400000000000E-01  5.966198196337E-04  6.202609254060E-04
  7.500000000000E-01  6.147997390412E-04  6.392542986723E-04
  7.600000000000E-01  6.336043586540E-04  6.589000709960E-04
  7.700000000000E-01  6.530549431978E-04  6.792204731837E-04
  7.800000000000E-01  6.731734994405E-04  7.002385109216E-04
  7.900000000000E-01  6.939828013742E-04  7.219779911372E-04
  8.000000000000E-01  7.155064163058E-04  7.444635493048E-04
  8.100000000000E-01  7.377687318825E-04  7.677206777248E-04
  8.200000000000E-01  7.607949840825E-04  7.917757548092E-04
  8.300000000000E-01  7.846112862010E-04  8.166560754035E-04
  8.400000000000E-01  8.092446588641E-04  8.423898821787E-04
  8.500000000000E-01  8.347230611023E-04  8.690063981306E-04
  8.600000000000E-01  8.610754225200E-04  8.965358602200E-04
  8.700000000000E-01  8.883316765960E-04  9.250095541939E-04
  8.800000000000E-01  9.165227951516E-04  9.544598506241E-04
  8.900000000000E-01  9.456808240274E-04  9.849202422088E-04
  9.000000000000E-01  9.758389200064E-04  1.016425382373E-03
  9.100000000000E-01  1.007031389028E-03  1.049011125216E-03
  9.200000000000E-01  1.039293725732E-03  1.082714566855E-03
  9.300000000000E-01  1.072662654386E-03  1.117574088198E-03
  9.400000000000E-01  1.107176171231E-03  1.153629399215E-03
  9.500000000000E-01  1.142873588303E-03  1.190921584740E-03
  9.600000000000E-01  1.179795578780E-03  1.229493151866E-03
  9.700000000000E-01  1.217984223899E-03  1.269388078984E-03
  9.800000000000E-01  1.257483061504E-03  1.310651866529E-03
  9.900000000000E-01  1.298337136280E-03  1.353331589477E-03
  1.000000000000E+00  1.340593051728E-03  1.397475951668E-03
  1.010000000000E+00  1.384299023941E-03  1.443135342008E-03
  1.020000000000E+00  1.429504937243E-03  1.490361892623E-03
  1.030000000000E+00  1.476262401758E-03  1.539209539017E-03
  1.040000000000E+00  1.524624812972E-03  1.589734082329E-03
  1.050000000000E+00  1.574647413357E-03  1.641993253726E-03
  1.060000000000E+00  1.626387356130E-03  1.696046781043E-03
  1.070000000000E+00  1.679903771214E-03  1.751956457715E-03
  1.080000000000E+00  1.735257833489E-03  1.809786214105E-03
  1.090000000000E+00  1.792512833399E-03  1.869602191289E-03
  1.100000000000E+00  1.851734250005E-03  1.931472817405E-03
  1.110000000000E+00  1.912989826565E-03  1.995468886636E-03
  1.120000000000E+00  1.976349648726E-03  2.061663640921E-03
  1.130000000000E+00  2.041886225422E-03  2.130132854505E-03
  1.140000000000E+00  2.109674572571E-03  2.200954921399E-03
  1.150000000000E+00  2.179792299665E-03  2.274210945873E-03
  1.160000000000E+00  2.252319699355E-03  2.349984836074E-03
  1.170000000000E+00  2.327339840133E-03  2.428363400883E-03
  1.180000000000E+00  2.404938662218E-03  2.509436450121E-03
  1.190000000000E+00  2.485205076760E-03  2.593296898214E-03
  1.200000000000E+00  2.568231068473E-03  2.680040871454E-03
  1.210000000000E+00  2.654111801811E-03  2.769767818952E-03
  1.220000000000E+00  2.742945730823E-03  2.862580627443E-03
  1.230000000000E+00  2.834834712799E-03  2.958585740044E-03
  1.240000000000E+00  2.929884125850E-03  3.057893279133E-03
  1.250000000000E+00  3.028202990546E-03  3.160617173458E-03
  1.260000000000E+00  3.129904095767E-03  3.266875289660E-03
  1.270000000000E+00  3.235104128894E-03  3.376789568323E-03
  1.280000000000E+00  3.343923810512E-03  3.490486164737E-03
  1.290000000000E+00  3.456488033758E-03  3.608095594529E-03
  1.300000000000E+00  3.572926008492E-03  3.729752884316E-03
  1.310000000000E+00  3.693371410451E-03  3.855597727578E-03
  1.320000000000E+00  3.817962535556E-03  3.985774645909E-03
  1.330000000000E+00  3.946842459552E-03  4.120433155848E-03
  1.340000000000E+00  4.080159203169E-03  4.259727941470E-03
  1.350000000000E+00  4.218065902989E-03  4.403819032948E-03
  1.360000000000E+00  4.360720988217E-03  4.552871991284E-03
  1.370000000000E+00  4.508288363568E-03  4.707058099420E-03
  1.380000000000E+00  4.660937598466E-03  4.866554559964E-03
  1.390000000000E+00  4.818844122787E-03  5.031544699742E-03
  1.400000000000E+00  4.982189429370E-03  5.202218181420E-03
  1.410000000000E+00  5.151161283519E-03  5.378771222441E-03
  1.420000000000E+00  5.325953939755E-03  5.561406821536E-03
  1.430000000000E+00  5.506768366049E-03  5.750334993047E-03
  1.440000000000E+00  5.693812475815E-03  5.945773009361E-03
  1.450000000000E+00  5.887301367910E-03  6.147945651721E-03
  1.460000000000E+00  6.087457574938E-03  6.357085469702E-03
  1.470000000000E+00  6.294511320131E-03  6.573433049652E-03
  1.480000000000E+00  6.508700783103E-03  6.797237292418E-03
  1.490000000000E+00  6.730272374800E-03  7.028755700661E-03
  1.500000000000E+00  6.959481021940E-03  7.268254676109E-03
  1.510000000000E+00  7.196590461289E-03  7.516009827073E-03
  1.520000000000E+00  7.441873544108E-03  7.772306286602E-03
  1.530000000000E+00  7.695612551116E-03  8.037439041620E-03
  1.540000000000E+00  7.958099518344E-03  8.311713273448E-03
  1.550000000000E+00  8.229636574244E-03  8.595444710087E-03
  1.560000000000E+00  8.510536288450E-03  8.888959990679E-03
  1.570000000000E+00  8.801122032595E-03  9.192597042563E-03
  1.580000000000E+00  9.101728353591E-03  9.506705471358E-03
  1.590000000000E+00  9.412701359813E-03  9.831646964524E-03
  1.600000000000E+00  9.734399120624E-03  1.016779570888E-02
  1.610000000000E+00  1.006719207971E-02  1.051553882254E-02
  1.620000000000E+00  1.041146348272E-02  1.087527680178E-02
  1.630000000000E+00  1.076760981960E-02  1.124742398333E-02
  1.640000000000E+00  1.113604128235E-02  1.163240902268E-02
  1.650000000000E+00  1.151718223848E-02  1.203067538888E-02
  1.660000000000E+00  1.191147172087E-02  1.244268187645E-02
  1.670000000000E+00  1.231936393459E-02  1.286890313495E-02
  1.680000000000E+00  1.274132878115E-02  1.330983021695E-02
  1.690000000000E+00  1.317785240096E-02  1.376597114478E-02
  1.700000000000E+00  1.362943773447E-02  1.423785149699E-02
  1.710000000000E+00  1.409660510276E-02  1.472601501504E-02
  1.720000000000E+00  1.457989280807E-02  1.523102423092E-02
  1.730000000000E+00  1.507985775527E-02  1.575346111650E-02
  1.740000000000E+00  1.559707609462E-02  1.629392775527E-02
  1.750000000000E+00  1.613214388685E-02  1.685304703739E-02
  1.760000000000E+00  1.668567779121E-02  1.743146337860E-02
  1.770000000000E+00  1.725831577722E-02  1.802984346411E-02
  1.780000000000E+00  1.785071786114E-02  1.864887701816E-02
  1.790000000000E+00  1.846356686774E-02  1.928927760008E-02
  1.800000000000E+00  1.909756921854E-02  1.995178342799E-02
  1.810000000000E+00  1.975345574714E-02  2.063715823090E-02
  1.820000000000E+00  2.043198254285E-02  2.134619213018E-02
  1.830000000000E+00  2.113393182340E-02  2.207970255165E-02
  1.840000000000E+00  2.186011283777E-02  2.283853516900E-02
  1.850000000000E+00  2.261136280034E-02  2.362356487997E-02
  1.860000000000E+00  2.338854785716E-02  2.443569681612E-02
  1.870000000000E+00  2.419256408571E-02  2.527586738757E-02
  1.880000000000E+00  2.502433852918E-02  2.614504536385E-02
  1.890000000000E+00  2.588483026645E-02  2.704423299198E-02
  1.900000000000E+00  2.677503151907E-02  2.797446715332E-02
  1.910000000000E+00  2.769596879651E-02  2.893682056030E-02
  1.920000000000E+00  2.864870408088E-02  2.993240299448E-02
  1.930000000000E+00  2.963433605267E-02  3.096236258749E-02
  1.940000000000E+00  3.065400135883E-02  3.202788714606E-02
  1.950000000000E+00  3.170887592460E-02  3.313020552299E-02
  1.960000000000E+00  3.280017631071E-02  3.427058903534E-02
  1.970000000000E+00  3.392916111745E-02  3.545035293173E-02
  1.980000000000E+00  3.509713243722E-02  3.667085791023E-02
  1.990000000000E+00  3.630543735734E-02  3.793351168873E-02
  2.000000000000E+00  3.755546951463E-02  3.923977062960E-02
  2.010000000000E+00  3.884867070384E-02  4.059114142035E-02
  2.020000000000E+00  4.018653254156E-02  4.198918281247E-02
  2.030000000000E+00  4.157059818758E-02  4.343550742023E-02
  2.040000000000E+00  4.300246412582E-02  4.493178358172E-02
  2.050000000000E+00  4.448378200664E-02  4.647973728404E-02
  2.060000000000E+00  4.601626055285E-02  4.808115415512E-02
  2.070000000000E+00  4.760166753160E-02  4.973788152420E-02
  2.080000000000E+00  4.924183179427E-02  5.145183055361E-02
  2.090000000000E+00  5.093864538689E-02  5.322497844405E-02
  2.100000000000E+00  5.269406573344E-02  5.505937071614E-02
  2.110000000000E+00  5.451011789451E-02  5.695712357066E-02
  2.120000000000E+00  5.638889690402E-02  5.892042633041E-02
  2.130000000000E+00  5.833257018660E-02  6.095154396627E-02
  2.140000000000E+00  6.034338005846E-02  6.305281971064E-02
  2.150000000000E+00  6.242364631462E-02  6.522667776097E-02
  2.160000000000E+00  6.457576890550E-02  6.747562607677E-02
  2.170000000000E+00  6.680223070590E-02  6.980225927312E-02
  2.180000000000E+00  6.910560037963E-02  7.220926161413E-02
  2.190000000000E+00  7.148853534303E-02  7.469941010972E-02
  2.200000000000E+00  7.395378483080E-02  7.727557771939E-02
  2.210000000000E+00  7.650419306770E-02  7.994073666649E-02
  2.220000000000E+00  7.914270254977E-02  8.269796186701E-02
  2.230000000000E+00  8.187235743880E-02  8.555043447670E-02
  2.240000000000E+00  8.469630707399E-02  8.850144556059E-02
  2.250000000000E+00  8.761780960483E-02  9.155439988931E-02
  2.260000000000E+00  9.064023574945E-02  9.471281986631E-02
  2.270000000000E+00  9.376707268258E-02  9.798034959070E-02
  2.280000000000E+00  9.700192805786E-02  1.013607590603E-01
  2.290000000000E+00  1.003485341688E-01  1.048579485200E-01
  2.300000000000E+00  1.038107522536E-01  1.084759529594E-01
  2.310000000000E+00  1.073925769483E-01  1.122189467668E-01
  2.320000000000E+00  1.110981408935E-01  1.160912485429E-01
  2.330000000000E+00  1.149317195008E-01  1.200973260810E-01
  2.340000000000E+00  1.188977358827E-01  1.242418015191E-01
  2.350000000000E+00  1.230007659531E-01  1.285294566692E-01
  2.360000000000E+00  1.272455437039E-01  1.329652385312E-01
  2.370000000000E+00  1.316369666637E-01  1.375542649968E-01
  2.380000000000E+00  1.361801015442E-01  1.423018307498E-01
  2.390000000000E+00  1.408801900821E-01  1.472134133702E-01
  2.400000000000E+00  1.457426550820E-01  1.522946796491E-01
  2.410000000000E+00  1.507731066683E-01  1.575514921208E-01
  2.420000000000E+00  1.559773487522E-01  1.629899158207E-01
  2.430000000000E+00  1.613613857216E-01  1.686162252762E-01
  2.440000000000E+00  1.669314293628E-01  1.744369117379E-01
  2.450000000000E+00  1.726939060193E-01  1.804586906614E-01
  2.460000000000E+00  1.786554639987E-01  1.866885094461E-01
  2.470000000000E+00  1.848229812343E-01  1.931335554410E-01
  2.480000000000E+00  1.912035732110E-01  1.998012642264E-01
  2.490000000000E+00  1.978046011647E-01  2.066993281815E-01
  2.500000000000E+00  2.046336805637E-01  2.138357053467E-01
  2.510000000000E+00  2.116986898831E-01  2.212186285916E-01
  2.520000000000E+00  2.190077796808E-01  2.288566150988E-01
  2.530000000000E+00  2.265693819872E-01  2.367584761743E-01
  2.540000000000E+00  2.343922200174E-01  2.449333273964E-01
  2.550000000000E+00  2.424853182189E-01  2.533905991136E-01
  2.560000000000E+00  2.508580126646E-01  2.621400473044E-01
  2.570000000000E+00  2.595199618044E-01  2.711917648109E-01
  2.580000000000E+00  2.684811575867E-01  2.805561929591E-01
  2.590000000000E+00  2.777519369633E-01  2.902441335799E-01
  2.600000000000E+00  2.873429937895E-01  3.002667614433E-01
  2.610000000000E+00  2.972653911349E-01  3.106356371205E-01
  2.620000000000E+00  3.075305740176E-01  3.213627202892E-01
  2.630000000000E+00  3.181503825762E-01  3.324603834966E-01
  2.640000000000E+00  3.291370656956E-01  3.439414263950E-01
  2.650000000000E+00  3.405032951015E-01  3.558190904688E-01
  2.660000000000E+00  3.522621799397E-01  3.681070742663E-01
  2.670000000000E+00  3.644272818568E-01  3.808195491565E-01
  2.680000000000E+00  3.770126305993E-01  3.939711756267E-01
  2.690000000000E+00  3.900327401498E-01  4.075771201414E-01
  2.700000000000E+00  4.035026254170E-01  4.216530725795E-01
  2.710000000000E+00  4.174378195000E-01  4.362152642716E-01
  2.720000000000E+00  4.318543915452E-01  4.512804866562E-01
  2.730000000000E+00  4.467689652179E-01  4.668661105774E-01
  2.740000000000E+00  4.621987378068E-01  4.829901062450E-01
  2.750000000000E+00  4.781614999859E-01  4.996710638797E-01
  2.760000000000E+00  4.946756562544E-01  5.169282150673E-01
  2.770000000000E+00  5.117602460781E-01  5.347814548452E-01
  2.780000000000E+00  5.294349657567E-01  5.532513645477E-01
  2.790000000000E+00  5.477201910415E-01  5.723592354335E-01
  2.800000000000E+00  5.666370005279E-01  5.921270931246E-01
  2.810000000000E+00  5.862071998518E-01  6.125777228823E-01
  2.820000000000E+00  6.064533467138E-01  6.337346957494E-01
  2.830000000000E+00  6.273987767627E-01  6.556223955889E-01
  2.840000000000E+00  6.490676303639E-01  6.782660470481E-01
  2.850000000000E+00  6.714848802874E-01  7.016917444798E-01
  2.860000000000E+00  6.946763603412E-01  7.259264818548E-01
  2.870000000000E+00  7.186687949865E-01  7.509981836966E-01
  2.880000000000E+00  7.434898299660E-01  7.769357370752E-01
  2.890000000000E+00  7.691680639802E-01  8.037690246941E-01
  2.900000000000E+00  7.957330814460E-01  8.315289591090E-01
  2.910000000000E+00  8.232154863759E-01  8.602475181149E-01
  2.920000000000E+00  8.516469374154E-01  8.899577813428E-01
  2.930000000000E+00  8.810601840758E-01  9.206939681047E-01
  2.940000000000E+00  9.114891042050E-01  9.524914765307E-01
  2.950000000000E+00  9.429687427372E-01  9.853869240411E-01
  2.960000000000E+00  9.755353517638E-01  1.019418189198E+00
  2.970000000000E+00  1.009226431972E+00  1.054624454984E+00
  2.980000000000E+00  1.044080775493E+00  1.091046253554E+00
  2.990000000000E+00  1.080138510215E+00  1.128725512510E+00
  3.000000000000E+00  1.117441145596E+00  1.167705602752E+00
  3.010000000000E+00  1.156031620049E+00  1.208031387956E+00
  3.020000000000E+00  1.195954349924E+00  1.249749275733E+00
  3.030000000000E+00  1.237255280165E+00  1.292907270527E+00
  3.040000000000E+00  1.279981936686E+00  1.337555028303E+00
  3.050000000000E+00  1.324183480524E+00  1.383743913101E+00
  3.060000000000E+00  1.369910763827E+00  1.431527055497E+00
  3.070000000000E+00  1.417216387748E+00  1.480959413054E+00
  3.080000000000E+00  1.466154762292E+00  1.532097832808E+00
  3.090000000000E+00  1.516782168196E+00  1.585001115879E+00
  3.100000000000E+00  1.569156820901E+00  1.639730084264E+00
  3.110000000000E+00  1.623338936684E+00  1.696347649878E+00
  3.120000000000E+00  1.679390801030E+00  1.754918885938E+00
  3.130000000000E+00  1.737376839309E+00  1.815511100745E+00
  3.140000000000E+00  1.797363689834E+00  1.878193913957E+00
  3.150000000000E+00  1.859420279391E+00  1.943039335425E+00
  3.160000000000E+00  1.923617901299E+00  2.010121846686E+00
  3.170000000000E+00  1.990030296108E+00  2.079518485193E+00
  3.180000000000E+00  2.058733735002E+00  2.151308931368E+00
  3.190000000000E+00  2.129807106005E+00  2.225575598580E+00
  3.200000000000E+00  2.203332003078E+00  2.302403726132E+00
  3.210000000000E+00  2.279392818202E+00  2.381881475363E+00
  3.220000000000E+00  2.358076836541E+00  2.464100028962E+00
  3.230000000000E+00  2.439474334786E+00  2.549153693593E+00
  3.240000000000E+00  2.523678682790E+00  2.637140005943E+00
  3.250000000000E+00  2.610786448578E+00  2.728159842307E+00
  3.260000000000E+00  2.700897506871E+00  2.822317531806E+00
  3.270000000000E+00  2.794115151207E+00  2.919720973373E+00
  3.280000000000E+00  2.890546209793E+00  3.020481756614E+00
  3.290000000000E+00  2.990301165197E+00  3.124715286673E+00
  3.300000000000E+00  3.093494278006E+00  3.232540913222E+00
  3.310000000000E+00  3.200243714570E+00  3.344082063707E+00
  3.320000000000E+00  3.310671678969E+00  3.459466380990E+00
  3.330000000000E+00  3.424904549321E+00  3.578825865513E+00
  3.340000000000E+00  3.543073018588E+00  3.702297022128E+00
  3.350000000000E+00  3.665312239995E+00  3.830021011743E+00
  3.360000000000E+00  3.791761977220E+00  3.962143807930E+00
  3.370000000000E+00  3.922566759503E+00  4.098816358634E+00
  3.380000000000E+00  4.057876041816E+00  4.240194753159E+00
  3.390000000000E+00  4.197844370250E+00  4.386440394581E+00
  3.400000000000E+00  4.342631552790E+00  4.537720177742E+00
  3.410000000000E+00  4.492402835619E+00  4.694206673017E+00
  3.420000000000E+00  4.647329085137E+00  4.856078315997E+00
  3.430000000000E+00  4.807586975855E+00  5.023519603289E+00
  3.440000000000E+00  4.973359184340E+00  5.196721294596E+00
  3.450000000000E+00  5.144834589393E+00  5.375880621270E+00
  3.460000000000E+00  5.322208478639E+00  5.561201501519E+00
  3.470000000000E+00  5.505682761717E+00  5.752894762468E+00
  3.480000000000E+00  5.695466190260E+00  5.951178369268E+00
  3.490000000000E+00  5.891774584865E+00  6.156277661444E+00
  3.500000000000E+00  6.094831069239E+00  6.368425596701E+00
  3.510000000000E+00  6.304866311744E+00  6.587863002385E+00
  3.520000000000E+00  6.522118774526E+00  6.814838834816E+00
  3.530000000000E+00  6.746834970450E+00  7.049610446704E+00
  3.540000000000E+00  6.979269728061E+00  7.292443862876E+00
  3.550000000000E+00  7.219686464775E+00  7.543614064524E+00
  3.560000000000E+00  7.468357468530E+00  7.803405282214E+00
  3.570000000000E+00  7.725564188118E+00  8.072111297867E+00
  3.580000000000E+00  7.991597532436E+00  8.350035755971E+00
  3.590000000000E+00  8.266758178865E+00  8.637492484225E+00
  3.600000000000E+00  8.551356891037E+00  8.934805823885E+00
  3.610000000000E+00  8.845714846211E+00  9.242310970026E+00
  3.620000000000E+00  9.150163972493E+00  9.560354321980E+00
  3.630000000000E+00  9.465047296158E+00  9.889293844176E+00
  3.640000000000E+00  9.790719299290E+00  1.022949943764E+01
  3.650000000000E+00  1.012754628802E+01  1.058135332240E+01
  3.660000000000E+00  1.047590677155E+01  1.094525043102E+01
  3.670000000000E+00  1.083619185229E+01  1.132159881353E+01
  3.680000000000E+00  1.120880562725E+01  1.171082005398E+01
  3.690000000000E+00  1.159416560103E+01  1.211334969891E+01
  3.700000000000E+00  1.199270311059E+01  1.252963769787E+01
  3.710000000000E+00  1.240486376200E+01  1.296014885629E+01
  3.720000000000E+00  1.283110787959E+01  1.340536330105E+01
  3.730000000000E+00  1.327191096744E+01  1.386577695869E+01
  3.740000000000E+00  1.372776418377E+01  1.434190204678E+01
  3.750000000000E+00  1.419917482813E+01  1.483426757847E+01
  3.760000000000E+00  1.468666684190E+01  1.534341988055E+01
  3.770000000000E+00  1.519078132207E+01  1.586992312515E+01
  3.780000000000E+00  1.571207704869E+01  1.641435987523E+01
  3.790000000000E+00  1.625113102601E+01  1.697733164417E+01
  3.800000000000E+00  1.680853903765E+01  1.755945946949E+01
  3.810000000000E+00  1.738491621587E+01  1.816138450095E+01
  3.820000000000E+00  1.798089762505E+01  1.878376860304E+01
  3.830000000000E+00  1.859713885969E+01  1.942729497214E+01
  3.840000000000E+00  1.923431665684E+01  2.009266876823E+01
  3.850000000000E+00  1.989312952318E+01  2.078061776147E+01
  3.860000000000E+00  2.057429837683E+01  2.149189299342E+01
  3.870000000000E+00  2.127856720386E+01  2.222726945318E+01
  3.880000000000E+00  2.200670372956E+01  2.298754676821E+01
  3.890000000000E+00  2.275950010453E+01  2.377354990992E+01
  3.900000000000E+00  2.353777360545E+01  2.458612991392E+01
  3.910000000000E+00  2.434236735046E+01  2.542616461475E+01
  3.920000000000E+00  2.517415102915E+01  2.629455939499E+01
  3.930000000000E+00  2.603402164685E+01  2.719224794851E+01
  3.940000000000E+00  2.692290428316E+01  2.812019305755E+01
  3.950000000000E+00  2.784175286430E+01  2.907938738340E+01
  3.960000000000E+00  2.879155094919E+01  3.007085427024E+01
  3.970000000000E+00  2.977331252871E+01  3.109564856165E+01
  3.980000000000E+00  3.078808283778E+01  3.215485742944E+01
  3.990000000000E+00  3.183693917981E+01  3.324960121404E+01
  4.000000000000E+00  3.292099176288E+01  3.438103427584E+01
  4.010000000000E+00  3.404138454707E+01  3.555034585680E+01
  4.020000000000E+00  3.519929610217E+01  3.675876095144E+01
  4.030000000000E+00  3.639594047496E+01  3.800754118618E+01
  4.040000000000E+00  3.763256806520E+01  3.929798570619E+01
  4.050000000000E+00  3.891046650922E+01  4.063143206839E+01
  4.060000000000E+00  4.023096157008E+01  4.200925713950E+01
  4.070000000000E+00  4.159541803306E+01  4.343287799761E+01
  4.080000000000E+00  4.300524060499E+01  4.490375283582E+01
  4.090000000000E+00  4.446187481614E+01  4.642338186627E+01
  4.100000000000E+00  4.596680792280E+01  4.799330822273E+01
  4.110000000000E+00  4.752156980904E+01  4.961511885971E+01
  4.120000000000E+00  4.912773388547E+01  5.129044544611E+01
  4.130000000000E+00  5.078691798300E+01  5.302096525085E+01
  4.140000000000E+00  5.250078523940E+01  5.480840201820E+01
  4.150000000000E+00  5.427104497604E+01  5.665452682996E+01
  4.160000000000E+00  5.609945356235E+01  5.856115895157E+01
  4.170000000000E+00  5.798781526494E+01  6.053016665913E+01
  4.180000000000E+00  5.993798307849E+01  6.256346804386E+01
  4.190000000000E+00  6.195185953499E+01  6.466303179041E+01
  4.200000000000E+00  6.403139748787E+01  6.683087792530E+01
  4.210000000000E+00  6.617860086724E+01  6.906907853118E+01
  4.220000000000E+00  6.839552540214E+01  7.137975842268E+01
  4.230000000000E+00  7.068427930562E+01  7.376509577915E+01
  4.240000000000E+00  7.304702391796E+01  7.622732272938E+01
  4.250000000000E+00  7.548597430324E+01  7.876872588288E+01
  4.260000000000E+00  7.800339979406E+01  8.139164680244E+01
  4.270000000000E+00  8.060162447897E+01  8.409848241179E+01
  4.280000000000E+00  8.328302762674E+01  8.689168533240E+01
  4.290000000000E+00  8.605004404159E+01  8.977376414264E+01
  4.300000000000E+00  8.890516434250E+01  9.274728355260E+01
  4.310000000000E+00  9.185093516033E+01  9.581486448720E+01
  4.320000000000E+00  9.488995924520E+01  9.897918407003E+01
  4.330000000000E+00  9.802489547684E+01  1.022429755000E+02
  4.340000000000E+00  1.012584587700E+02  1.056090278122E+02
  4.350000000000E+00  1.045934198669E+02  1.090801855150E+02
  4.360000000000E+00  1.080326050074E+02  1.126593480933E+02
  4.370000000000E+00  1.115788954694E+02  1.163494693694E+02
  4.380000000000E+00  1.152352269688E+02  1.201535567114E+02
  4.390000000000E+00  1.190045889096E+02  1.240746700790E+02
  4.400000000000E+00  1.228900234754E+02  1.281159208961E+02
  4.410000000000E+00  1.268946245501E+02  1.322804707406E+02
  4.420000000000E+00  1.310215364589E+02  1.365715298381E+02
  4.430000000000E+00  1.352739525175E+02  1.409923553509E+02
  4.440000000000E+00  1.396551133788E+02  1.455462494486E+02
  4.450000000000E+00  1.441683051658E+02  1.502365571500E+02
  4.460000000000E+00  1.488168573790E+02  1.550666639233E+02
  4.470000000000E+00  1.536041405657E+02  1.600399930337E+02
  4.480000000000E+00  1.585335637406E+02  1.651600026249E+02
  4.490000000000E+00  1.636085715446E+02  1.704301825240E+02
  4.500000000000E+00  1.688326411304E+02  1.758540507563E+02
  4.510000000000E+00  1.742092787619E+02  1.814351497588E+02
  4.520000000000E+00  1.797420161163E+02  1.871770422802E+02
  4.530000000000E+00  1.854344062777E+02  1.930833069565E+02
  4.540000000000E+00  1.912900194082E+02  1.991575335503E+02
  4.550000000000E+00  1.973124380885E+02  2.054033178434E+02
  4.560000000000E+00  2.035052523144E+02  2.118242561728E+02
  4.570000000000E+00  2.098720541411E+02  2.184239396006E+02
  4.580000000000E+00  2.164164319646E+02  2.252059477088E+02
  4.590000000000E+00  2.231419644313E+02  2.321738420116E+02
  4.600000000000E+00  2.300522139685E+02  2.393311589788E+02
  4.610000000000E+00  2.371507199292E+02  2.466814026643E+02
  4.620000000000E+00  2.444409913442E+02  2.542280369370E+02
  4.630000000000E+00  2.519264992787E+02  2.619744773094E+02
  4.640000000000E+00  2.596106687898E+02  2.699240823661E+02
  4.650000000000E+00  2.674968704833E+02  2.780801447909E+02
  4.660000000000E+00  2.755884116722E+02  2.864458819965E+02
  4.670000000000E+00  2.838885271374E+02  2.950244263637E+02
  4.680000000000E+00  2.924003694974E+02  3.038188150952E+02
  4.690000000000E+00  3.011269991926E+02  3.128319796972E+02
  4.700000000000E+00  3.100713740954E+02  3.220667351008E+02
  4.710000000000E+00  3.192363387580E+02  3.315257684393E+02
  4.720000000000E+00  3.286246133137E+02  3.412116275018E+02
  4.730000000000E+00  3.382387820489E+02  3.511267088849E+02
  4.740000000000E+00  3.480812816703E+02  3.612732458690E+02
  4.750000000000E+00  3.581543892892E+02  3.716532960492E+02
  4.760000000000E+00  3.684602101546E+02  3.822687287541E+02
  4.770000000000E+00  3.790006651651E+02  3.931212122894E+02
  4.780000000000E+00  3.897774781975E+02  4.042122010484E+02
  4.790000000000E+00  4.007921632904E+02  4.155429225335E+02
  4.800000000000E+00  4.120460117288E+02  4.271143643382E+02
  4.810000000000E+00  4.235400790751E+02  4.389272611428E+02
  4.820000000000E+00  4.352751722001E+02  4.509820817808E+02
  4.830000000000E+00  4.472518363686E+02  4.632790164352E+02
  4.840000000000E+00  4.594703424396E+02  4.758179640319E+02
  4.850000000000E+00  4.719306742430E+02  4.885985198947E+02
  4.860000000000E+00  4.846325162015E+02  5.016199637357E+02
  4.870000000000E+00  4.975752412652E+02  5.148812480534E+02
  4.880000000000E+00  5.107578992328E+02  5.283809870160E+02
  4.890000000000E+00  5.241792055354E+02  5.421174459082E+02
  4.900000000000E+00  5.378375305599E+02  5.560885312225E+02
  4.910000000000E+00  5.517308895923E+02  5.702917814769E+02
  4.920000000000E+00  5.658569334613E+02  5.847243588413E+02
  4.930000000000E+00  5.802129399650E+02  5.993830416553E+02
  4.940000000000E+00  5.947958061623E+02  6.142642179202E+02
  4.950000000000E+00  6.096020416116E+02  6.293638798455E+02
  4.960000000000E+00  6.246277626363E+02  6.446776195283E+02
  4.970000000000E+00  6.398686876971E+02  6.602006258430E+02
  4.980000000000E+00  6.553201339478E+02  6.759276826132E+02
  4.990000000000E+00  6.709770150464E+02  6.918531681328E+02
  5.000000000000E+00  6.868338402910E+02  7.079710561008E+02
  5.010000000000E+00  7.028847151453E+02  7.242749180259E+02
  5.020000000000E+00  7.191233432100E+02  7.407579271498E+02
  5.030000000000E+00  7.355430296927E+02  7.574128639325E+02
  5.040000000000E+00  7.521366864201E+02  7.742321231322E+02
  5.050000000000E+00  7.688968384273E+02  7.912077225043E+02
  5.060000000000E+00  7.858156321520E+02  8.083313131341E+02
  5.070000000000E+00  8.028848452508E+02  8.255941914068E+02
  5.080000000000E+00  8.200958980413E+02  8.429873126068E+02
  5.090000000000E+00  8.374398665715E+02  8.605013061293E+02
  5.100000000000E+00  8.549074972953E+02  8.781264922723E+02
  5.110000000000E+00  8.724892233313E+02  8.958529005665E+02
  5.120000000000E+00  8.901751822640E+02  9.136702895899E+02
  5.130000000000E+00  9.079552354380E+02  9.315681681992E+02
  5.140000000000E+00  9.258189886817E+02  9.495358181001E+02
  5.150000000000E+00  9.437558143860E+02  9.675623176675E+02
  5.160000000000E+00  9.617548748529E+02  9.856365669133E+02
  5.170000000000E+00  9.798051468176E+02  1.003747313492E+03
  5.180000000000E+00  9.978954470339E+02  1.021883179621E+03
  5.190000000000E+00  1.016014458809E+03  1.040032689792E+03
  5.200000000000E+00  1.034150759361E+03  1.058184299124E+03
  5.210000000000E+00  1.052292847861E+03  1.076326422230E+03
  5.220000000000E+00  1.070429174023E+03  1.094447462432E+03
  5.230000000000E+00  1.088548167097E+03  1.112535841182E+03
  5.240000000000E+00  1.106638265104E+03  1.130580027528E+03
  5.250000000000E+00  1.124687944172E+03  1.148568567462E+03
  5.260000000000E+00  1.142685747797E+03  1.166490113007E+03
  5.270000000000E+00  1.160620315899E+03  1.184333450867E+03
  5.280000000000E+00  1.178480413492E+03  1.202087530500E+03
  5.290000000000E+00  1.196254958827E+03  1.219741491464E+03
  5.300000000000E+00  1.213933050859E+03  1.237284689880E+03
  5.310000000000E+00  1.231503995886E+03  1.254706723897E+03
  5.320000000000E+00  1.248957333231E+03  1.271997458009E+03
  5.330000000000E+00  1.266282859832E+03  1.289147046115E+03
  5.340000000000E+00  1.283470653615E+03  1.306145953216E+03
  5.350000000000E+00  1.300511095552E+03  1.322984975645E+03
  5.360000000000E+00  1.317394890284E+03  1.339655259746E+03
  5.370000000000E+00  1.334113085239E+03  1.356148318929E+03
  5.380000000000E+00  1.350657088150E+03  1.372456049042E+03
  5.390000000000E+00  1.367018682930E+03  1.388570742010E+03
  5.400000000000E+00  1.383190043827E+03  1.404485097706E+03
  5.410000000000E+00  1.399163747843E+03  1.420192234039E+03
  5.420000000000E+00  1.414932785379E+03  1.435685695240E+03
  5.430000000000E+00  1.430490569099E+03  1.450959458365E+03
  5.440000000000E+00  1.445830941005E+03  1.466007938017E+03
  5.450000000000E+00  1.460948177755E+03  1.480825989327E+03
  5.460000000000E+00  1.475836994222E+03  1.495408909230E+03
  5.470000000000E+00  1.490492545351E+03  1.509752436080E+03
  5.480000000000E+00  1.504910426351E+03  1.523852747675E+03
  5.490000000000E+00  1.519086671275E+03  1.537706457748E+03
  5.500000000000E+00  1.533017750060E+03  1.551310611007E+03
  5.510000000000E+00  1.546700564093E+03  1.564662676802E+03
  5.520000000000E+00  1.560132440386E+03  1.577760541506E+03
  5.530000000000E+00  1.573311124436E+03  1.590602499708E+03
  5.540000000000E+00  1.586234771872E+03  1.603187244299E+03
  5.550000000000E+00  1.598901938978E+03  1.615513855567E+03
  5.560000000000E+00  1.611311572176E+03  1.627581789386E+03
  5.570000000000E+00  1.623462996592E+03  1.639390864603E+03
  5.580000000000E+00  1.635355903772E+03  1.650941249729E+03
  5.590000000000E+00  1.646990338682E+03  1.662233449022E+03
  5.600000000000E+00  1.658366686060E+03  1.673268288066E+03
  5.610000000000E+00  1.669485656232E+03  1.684046898936E+03
  5.620000000000E+00  1.680348270491E+03  1.694570705052E+03
  5.630000000000E+00  1.690955846116E+03  1.704841405784E+03
  5.640000000000E+00  1.701309981129E+03  1.714860960927E+03
  5.650000000000E+00  1.711412538878E+03  1.724631575095E+03
  5.660000000000E+00  1.721265632521E+03  1.734155682122E+03
  5.670000000000E+00  1.730871609478E+03  1.743435929546E+03
  5.680000000000E+00  1.740233035949E+03  1.752475163224E+03
  5.690000000000E+00  1.749352681534E+03  1.761276412150E+03
  5.700000000000E+00  1.758233504035E+03  1.769842873533E+03
  5.710000000000E+00  1.766878634491E+03  1.778177898166E+03
  5.720000000000E+00  1.775291362493E+03  1.786284976153E+03
  5.730000000000E+00  1.783475121828E+03  1.794167723016E+03
  5.740000000000E+00  1.791433476497E+03  1.801829866220E+03
  5.750000000000E+00  1.799170107127E+03  1.809275232149E+03
  5.760000000000E+00  1.806688797832E+03  1.816507733551E+03
  5.770000000000E+00  1.813993423516E+03  1.823531357480E+03
  5.780000000000E+00  1.821087937680E+03  1.830350153735E+03
  5.790000000000E+00  1.827976360704E+03  1.836968223829E+03
  5.800000000000E+00  1.834662768662E+03  1.843389710483E+03
  5.810000000000E+00  1.841151282648E+03  1.849618787641E+03
  5.820000000000E+00  1.847446058628E+03  1.855659651033E+03
  5.830000000000E+00  1.853551277828E+03  1.861516509260E+03
  5.840000000000E+00  1.859471137646E+03  1.867193575407E+03
  5.850000000000E+00  1.865209843097E+03  1.872695059182E+03
  5.860000000000E+00  1.870771598774E+03  1.878025159565E+03
  5.870000000000E+00  1.876160601322E+03  1.883188057954E+03
  5.880000000000E+00  1.881381032422E+03  1.888187911814E+03
  5.890000000000E+00  1.886437052265E+03  1.893028848786E+03
  5.900000000000E+00  1.891332793502E+03  1.897714961278E+03
  5.910000000000E+00  1.896072355665E+03  1.902250301483E+03
  5.920000000000E+00  1.900659800042E+03  1.906638876848E+03
  5.930000000000E+00  1.905099144979E+03  1.910884645938E+03
  5.940000000000E+00  1.909394361609E+03  1.914991514711E+03
  5.950000000000E+00  1.913549369977E+03  1.918963333164E+03
  5.960000000000E+00  1.917568035555E+03  1.922803892343E+03
  5.970000000000E+00  1.921454166117E+03  1.926516921699E+03
  5.980000000000E+00  1.925211508972E+03  1.930106086761E+03
  5.990000000000E+00  1.928843748517E+03  1.933574987128E+03
  6.000000000000E+00  1.932354504116E+03  1.936927154741E+03
  6.010000000000E+00  1.935747328263E+03  1.940166052437E+03
  6.020000000000E+00  1.939025705034E+03  1.943295072751E+03
  6.030000000000E+00  1.942193048795E+03  1.946317536964E+03
  6.040000000000E+00  1.945252703157E+03  1.949236694374E+03
  6.050000000000E+00  1.948207940164E+03  1.952055721773E+03
  6.060000000000E+00  1.951061959687E+03  1.954777723121E+03
  6.070000000000E+00  1.953817889025E+03  1.957405729396E+03
  6.080000000000E+00  1.956478782687E+03  1.959942698611E+03
  6.090000000000E+00  1.959047622346E+03  1.962391515989E+03
  6.100000000000E+00  1.961527316944E+03  1.964754994264E+03
  6.110000000000E+00  1.963920702955E+03  1.967035874126E+03
  6.120000000000E+00  1.966230544761E+03  1.969236824772E+03
  6.130000000000E+00  1.968459535169E+03  1.971360444565E+03
  6.140000000000E+00  1.970610296020E+03  1.973409261791E+03
  6.150000000000E+00  1.972685378912E+03  1.975385735497E+03
  6.160000000000E+00  1.974687265999E+03  1.977292256411E+03
  6.170000000000E+00  1.976618370881E+03  1.979131147926E+03
  6.180000000000E+00  1.978481039556E+03  1.980904667147E+03
  6.190000000000E+00  1.980277551445E+03  1.982615005988E+03
  6.200000000000E+00  1.982010120464E+03  1.984264292316E+03
  6.210000000000E+00  1.983680896148E+03  1.985854591133E+03
  6.220000000000E+00  1.985291964814E+03  1.987387905792E+03
  6.230000000000E+00  1.986845350764E+03  1.988866179241E+03
  6.240000000000E+00  1.988343017514E+03  1.990291295286E+03
  6.250000000000E+00  1.989786869045E+03  1.991665079871E+03
  6.260000000000E+00  1.991178751076E+03  1.992989302380E+03
  6.270000000000E+00  1.992520452354E+03  1.994265676930E+03
  6.280000000000E+00  1.993813705948E+03  1.995495863688E+03
  6.290000000000E+00  1.995060190551E+03  1.996681470172E+03
  6.300000000000E+00  1.996261531792E+03  1.997824052566E+03
  6.310000000000E+00  1.997419303533E+03  1.998925117017E+03
  6.320000000000E+00  1.998535029180E+03  1.999986120936E+03
  6.330000000000E+00  1.999610182971E+03  2.001008474277E+03
  6.340000000000E+00  2.000646191269E+03  2.001993540817E+03
  6.350000000000E+00  2.001644433833E+03  2.002942639416E+03
  6.360000000000E+00  2.002606245088E+03  2.003857045258E+03
  6.370000000000E+00  2.003532915368E+03  2.004737991084E+03
  6.380000000000E+00  2.004425692151E+03  2.005586668403E+03
  6.390000000000E+00  2.005285781276E+03  2.006404228678E+03
  6.400000000000E+00  2.006114348136E+03  2.007191784502E+03
  6.410000000000E+00  2.006912518858E+03  2.007950410747E+03
  6.420000000000E+00  2.007681381459E+03  2.008681145692E+03
  6.430000000000E+00  2.008421986978E+03  2.009384992126E+03
  6.440000000000E+00  2.009135350591E+03  2.010062918435E+03
  6.450000000000E+00  2.009822452698E+03  2.010715859660E+03
  6.460000000000E+00  2.010484239996E+03  2.011344718532E+03
  6.470000000000E+00  2.011121626514E+03  2.011950366486E+03
  6.480000000000E+00  2.011735494640E+03  2.012533644648E+03
  6.490000000000E+00  2.012326696114E+03  2.013095364798E+03
  6.500000000000E+00  2.012896052997E+03  2.013636310316E+03
  6.510000000000E+00  2.013444358627E+03  2.014157237092E+03
  6.520000000000E+00  2.013972378534E+03  2.014658874422E+03
  6.530000000000E+00  2.014480851348E+03  2.015141925876E+03
  6.540000000000E+00  2.014970489672E+03  2.015607070144E+03
  6.550000000000E+00  2.015441980936E+03  2.016054961858E+03
  6.560000000000E+00  2.015895988227E+03  2.016486232394E+03
  6.570000000000E+00  2.016333151097E+03  2.016901490643E+03
  6.580000000000E+00  2.016754086348E+03  2.017301323774E+03
  6.590000000000E+00  2.017159388789E+03  2.017686297959E+03
  6.600000000000E+00  2.017549631986E+03  2.018056959088E+03
  6.610000000000E+00  2.017925368971E+03  2.018413833458E+03
  6.620000000000E+00  2.018287132942E+03  2.018757428443E+03
  6.630000000000E+00  2.018635437943E+03  2.019088233142E+03
  6.640000000000E+00  2.018970779514E+03  2.019406719011E+03
  6.650000000000E+00  2.019293635332E+03  2.019713340465E+03
  6.660000000000E+00  2.019604465823E+03  2.020008535478E+03
  6.670000000000E+00  2.019903714763E+03  2.020292726148E+03
  6.680000000000E+00  2.020191809852E+03  2.020566319254E+03
  6.690000000000E+00  2.020469163277E+03  2.020829706790E+03
  6.700000000000E+00  2.020736172253E+03  2.021083266486E+03
  6.710000000000E+00  2.020993219548E+03  2.021327362308E+03
  6.720000000000E+00  2.021240673990E+03  2.021562344944E+03
  6.730000000000E+00  2.021478890960E+03  2.021788552273E+03
  6.740000000000E+00  2.021708212863E+03  2.022006309823E+03
  6.750000000000E+00  2.021928969594E+03  2.022215931202E+03
  6.760000000000E+00  2.022141478976E+03  2.022417718532E+03
  6.770000000000E+00  2.022346047193E+03  2.022611962850E+03
  6.780000000000E+00  2.022542969202E+03  2.022798944511E+03
  6.790000000000E+00  2.022732529139E+03  2.022978933569E+03
  6.800000000000E+00  2.022915000701E+03  2.023152190144E+03
  6.810000000000E+00  2.023090647524E+03  2.023318964782E+03
  6.820000000000E+00  2.023259723544E+03  2.023479498800E+03
  6.830000000000E+00  2.023422473344E+03  2.023634024618E+03
  6.840000000000E+00  2.023579132494E+03  2.023782766081E+03
  6.850000000000E+00  2.023729927877E+03  2.023925938768E+03
  6.860000000000E+00  2.023875077998E+03  2.024063750296E+03
  6.870000000000E+00  2.024014793295E+03  2.024196400603E+03
  6.880000000000E+00  2.024149276426E+03  2.024324082232E+03
  6.890000000000E+00  2.024278722555E+03  2.024446980597E+03
  6.900000000000E+00  2.024403319621E+03  2.024565274247E+03
  6.910000000000E+00  2.024523248606E+03  2.024679135110E+03
  6.920000000000E+00  2.024638683784E+03  2.024788728741E+03
  6.930000000000E+00  2.024749792970E+03  2.024894214553E+03
  6.940000000000E+00  2.024856737754E+03  2.024995746039E+03
  6.950000000000E+00  2.024959673727E+03  2.025093470995E+03
  6.960000000000E+00  2.025058750706E+03  2.025187531723E+03
  6.970000000000E+00  2.025154112940E+03  2.025278065236E+03
  6.980000000000E+00  2.025245899319E+03  2.025365203451E+03
  6.990000000000E+00  2.025334243566E+03  2.025449073379E+03
  7.000000000000E+00  2.025419274433E+03  2.025529797302E+03
  7.010000000000E+00  2.025501115878E+03  2.025607492950E+03
  7.020000000000E+00  2.025579887247E+03  2.025682273667E+03
  7.030000000000E+00  2.025655703440E+03  2.025754248574E+03
  7.040000000000E+00  2.025728675075E+03  2.025823522725E+03
  7.050000000000E+00  2.025798908650E+03  2.025890197257E+03
  7.060000000000E+00  2.025866506691E+03  2.025954369534E+03
  7.070000000000E+00  2.025931567901E+03  2.026016133288E+03
  7.080000000000E+00  2.025994187302E+03  2.026075578753E+03
  7.090000000000E+00  2.026054456368E+03  2.026132792794E+03
  7.100000000000E+00  2.026112463161E+03  2.026187859033E+03
  7.110000000000E+00  2.026168292452E+03  2.026240857967E+03
  7.120000000000E+00  2.026222025850E+03  2.026291867089E+03
  7.130000000000E+00  2.026273741911E+03  2.026340960992E+03
  7.140000000000E+00  2.026323516260E+03  2.026388211484E+03
  7.150000000000E+00  2.026371421692E+03  2.026433687686E+03
  7.160000000000E+00  2.026417528283E+03  2.026477456137E+03
  7.170000000000E+00  2.026461903488E+03  2.026519580884E+03
  7.180000000000E+00  2.026504612239E+03  2.026560123579E+03
  7.190000000000E+00  2.026545717039E+03  2.026599143570E+03
  7.200000000000E+00  2.026585278052E+03  2.026636697980E+03
  7.210000000000E+00  2.026623353193E+03  2.026672841796E+03
  7.220000000000E+00  2.026659998206E+03  2.026707627945E+03
  7.230000000000E+00  2.026695266752E+03  2.026741107375E+03
  7.240000000000E+00  2.026729210478E+03  2.026773329122E+03
  7.250000000000E+00  2.026761879102E+03  2.026804340389E+03
  7.260000000000E+00  2.026793320477E+03  2.026834186608E+03
  7.270000000000E+00  2.026823580663E+03  2.026862911510E+03
  7.280000000000E+00  2.026852703997E+03  2.026890557188E+03
  7.290000000000E+00  2.026880733152E+03  2.026917164157E+03
  7.300000000000E+00  2.026907709205E+03  2.026942771413E+03
  7.310000000000E+00  2.026933671690E+03  2.026967416490E+03
  7.320000000000E+00  2.026958658660E+03  2.026991135516E+03
  7.330000000000E+00  2.026982706745E+03  2.027013963264E+03
  7.340000000000E+00  2.027005851196E+03  2.027035933201E+03
  7.350000000000E+00  2.027028125946E+03  2.027057077543E+03
  7.360000000000E+00  2.027049563655E+03  2.027077427294E+03
  7.370000000000E+00  2.027070195757E+03  2.027097012297E+03
  7.380000000000E+00  2.027090052508E+03  2.027115861275E+03
  7.390000000000E+00  2.027109163028E+03  2.027134001873E+03
  7.400000000000E+00  2.027127555346E+03  2.027151460699E+03
  7.410000000000E+00  2.027145256438E+03  2.027168263364E+03
  7.420000000000E+00  2.027162292269E+03  2.027184434515E+03
  7.430000000000E+00  2.027178687829E+03  2.027199997877E+03
  7.440000000000E+00  2.027194467169E+03  2.027214976282E+03
  7.450000000000E+00  2.027209653440E+03  2.027229391708E+03
  7.460000000000E+00  2.027224268923E+03  2.027243265305E+03
  7.470000000000E+00  2.027238335061E+03  2.027256617430E+03
  7.480000000000E+00  2.027251872494E+03  2.027269467677E+03
  7.490000000000E+00  2.027264901087E+03  2.027281834903E+03
  7.500000000000E+00  2.027277439958E+03  2.027293737258E+03
  7.510000000000E+00  2.027289507509E+03  2.027305192210E+03
  7.520000000000E+00  2.027301121449E+03  2.027316216570E+03
  7.530000000000E+00  2.027312298825E+03  2.027326826519E+03
  7.540000000000E+00  2.027323056039E+03  2.027337037631E+03
  7.550000000000E+00  2.027333408883E+03  2.027346864893E+03
  7.560000000000E+00  2.027343372551E+03  2.027356322732E+03
  7.570000000000E+00  2.027352961669E+03  2.027365425029E+03
  7.580000000000E+00  2.027362190313E+03  2.027374185148E+03
  7.590000000000E+00  2.027371072031E+03  2.027382615949E+03
  7.600000000000E+00  2.027379619860E+03  2.027390729807E+03
  7.610000000000E+00  2.027387846349E+03  2.027398538637E+03
  7.620000000000E+00  2.027395763575E+03  2.027406053901E+03
  7.630000000000E+00  2.027403383163E+03  2.027413286634E+03
  7.640000000000E+00  2.027410716299E+03  2.027420247456E+03
  7.650000000000E+00  2.027417773749E+03  2.027426946586E+03
  7.660000000000E+00  2.027424565876E+03  2.027433393861E+03
  7.670000000000E+00  2.027431102653E+03  2.027439598747E+03
  7.680000000000E+00  2.027437393677E+03  2.027445570357E+03
  7.690000000000E+00  2.027443448186E+03  2.027451317457E+03
  7.700000000000E+00  2.027449275071E+03  2.027456848489E+03
  7.710000000000E+00  2.027454882887E+03  2.027462171573E+03
  7.720000000000E+00  2.027460279870E+03  2.027467294526E+03
  7.730000000000E+00  2.027465473944E+03  2.027472224873E+03
  7.740000000000E+00  2.027470472738E+03  2.027476969852E+03
  7.750000000000E+00  2.027475283592E+03  2.027481536433E+03
  7.760000000000E+00  2.027479913571E+03  2.027485931322E+03
  7.770000000000E+00  2.027484369474E+03  2.027490160972E+03
  7.780000000000E+00  2.027488657846E+03  2.027494231597E+03
  7.790000000000E+00  2.027492784985E+03  2.027498149174E+03
  7.800000000000E+00  2.027496756951E+03  2.027501919457E+03
  7.810000000000E+00  2.027500579579E+03  2.027505547984E+03
  7.820000000000E+00  2.027504258482E+03  2.027509040083E+03
  7.830000000000E+00  2.027507799064E+03  2.027512400884E+03
  7.840000000000E+00  2.027511206525E+03  2.027515635322E+03
  7.850000000000E+00  2.027514485870E+03  2.027518748149E+03
  7.860000000000E+00  2.027517641914E+03  2.027521743936E+03
  7.870000000000E+00  2.027520679295E+03  2.027524627084E+03
  7.880000000000E+00  2.027523602472E+03  2.027527401827E+03
  7.890000000000E+00  2.027526415739E+03  2.027530072241E+03
  7.900000000000E+00  2.027529123230E+03  2.027532642249E+03
  7.910000000000E+00  2.027531728920E+03  2.027535115625E+03
  7.920000000000E+00  2.027534236637E+03  2.027537496003E+03
  7.930000000000E+00  2.027536650064E+03  2.027539786878E+03
  7.940000000000E+00  2.027538972746E+03  2.027541991617E+03
  7.950000000000E+00  2.027541208096E+03  2.027544113457E+03
  7.960000000000E+00  2.027543359397E+03  2.027546155515E+03
  7.970000000000E+00  2.027545429808E+03  2.027548120792E+03
  7.980000000000E+00  2.027547422371E+03  2.027550012173E+03
  7.990000000000E+00  2.027549340013E+03  2.027551832437E+03
  8.000000000000E+00  2.027551185551E+03  2.027553584259E+03
  8.010000000000E+00  2.027552961695E+03  2.027555270211E+03
  8.020000000000E+00  2.027554671056E+03  2.027556892770E+03
  8.030000000000E+00  2.027556316143E+03  2.027558454319E+03
  8.040000000000E+00  2.027557899374E+03  2.027559957153E+03
  8.050000000000E+00  2.027559423075E+03  2.027561403479E+03
  8.060000000000E+00  2.027560889483E+03  2.027562795422E+03
  8.070000000000E+00  2.027562300752E+03  2.027564135026E+03
  8.080000000000E+00  2.027563658956E+03  2.027565424260E+03
  8.090000000000E+00  2.027564966091E+03  2.027566665017E+03
  8.100000000000E+00  2.027566224076E+03  2.027567859120E+03
  8.110000000000E+00  2.027567434759E+03  2.027569008324E+03
  8.120000000000E+00  2.027568599919E+03  2.027570114316E+03
  8.130000000000E+00  2.027569721267E+03  2.027571178721E+03
  8.140000000000E+00  2.027570800451E+03  2.027572203103E+03
  8.150000000000E+00  2.027571839057E+03  2.027573188967E+03
  8.160000000000E+00  2.027572838609E+03  2.027574137760E+03
  8.170000000000E+00  2.027573800577E+03  2.027575050878E+03
  8.180000000000E+00  2.027574726373E+03  2.027575929661E+03
  8.190000000000E+00  2.027575617358E+03  2.027576775401E+03
  8.200000000000E+00  2.027576474841E+03  2.027577589339E+03
  8.210000000000E+00  2.027577300081E+03  2.027578372672E+03
  8.220000000000E+00  2.027578094290E+03  2.027579126551E+03
  8.230000000000E+00  2.027578858636E+03  2.027579852082E+03
  8.240000000000E+00  2.027579594241E+03  2.027580550332E+03
  8.250000000000E+00  2.027580302187E+03  2.027581222326E+03
  8.260000000000E+00  2.027580983512E+03  2.027581869052E+03
  8.270000000000E+00  2.027581639218E+03  2.027582491461E+03
  8.280000000000E+00  2.027582270268E+03  2.027583090465E+03
  8.290000000000E+00  2.027582877590E+03  2.027583666946E+03
  8.300000000000E+00  2.027583462075E+03  2.027584221750E+03
  8.310000000000E+00  2.027584024583E+03  2.027584755692E+03
  8.320000000000E+00  2.027584565939E+03  2.027585269557E+03
  8.330000000000E+00  2.027585086939E+03  2.027585764100E+03
  8.340000000000E+00  2.027585588348E+03  2.027586240047E+03
  8.350000000000E+00  2.027586070904E+03  2.027586698097E+03
  8.360000000000E+00  2.027586535314E+03  2.027587138924E+03
  8.370000000000E+00  2.027586982262E+03  2.027587563174E+03
  8.380000000000E+00  2.027587412404E+03  2.027587971472E+03
  8.390000000000E+00  2.027587826371E+03  2.027588364417E+03
  8.400000000000E+00  2.027588224772E+03  2.027588742587E+03
  8.410000000000E+00  2.027588608193E+03  2.027589106537E+03
  8.420000000000E+00  2.027588977196E+03  2.027589456801E+03
  8.430000000000E+00  2.027589332323E+03  2.027589793894E+03
  8.440000000000E+00  2.027589674098E+03  2.027590118313E+03
  8.450000000000E+00  2.027590003021E+03  2.027590430532E+03
  8.460000000000E+00  2.027590319575E+03  2.027590731011E+03
  8.470000000000E+00  2.027590624226E+03  2.027591020191E+03
  8.480000000000E+00  2.027590917422E+03  2.027591298498E+03
  8.490000000000E+00  2.027591199593E+03  2.027591566340E+03
  8.500000000000E+00  2.027591471154E+03  2.027591824110E+03
  8.510000000000E+00  2.027591732504E+03  2.027592072188E+03
  8.520000000000E+00  2.027591984026E+03  2.027592310937E+03
  8.530000000000E+00  2.027592226090E+03  2.027592540709E+03
  8.540000000000E+00  2.027592459052E+03  2.027592761840E+03
  8.550000000000E+00  2.027592683254E+03  2.027592974657E+03
  8.560000000000E+00  2.027592899026E+03  2.027593179471E+03
  8.570000000000E+00  2.027593106684E+03  2.027593376584E+03
  8.580000000000E+00  2.027593306534E+03  2.027593566285E+03
  8.590000000000E+00  2.027593498869E+03  2.027593748853E+03
  8.600000000000E+00  2.027593683972E+03  2.027593924556E+03
  8.610000000000E+00  2.027593862114E+03  2.027594093651E+03
  8.620000000000E+00  2.027594033558E+03  2.027594256389E+03
  8.630000000000E+00  2.027594198555E+03  2.027594413007E+03
  8.640000000000E+00  2.027594357348E+03  2.027594563736E+03
  8.650000000000E+00  2.027594510170E+03  2.027594708797E+03
  8.660000000000E+00  2.027594657245E+03  2.027594848404E+03
  8.670000000000E+00  2.027594798790E+03  2.027594982761E+03
  8.680000000000E+00  2.027594935013E+03  2.027595112066E+03
  8.690000000000E+00  2.027595066113E+03  2.027595236508E+03
  8.700000000000E+00  2.027595192284E+03  2.027595356272E+03
  8.710000000000E+00  2.027595313710E+03  2.027595471532E+03
  8.720000000000E+00  2.027595430571E+03  2.027595582458E+03
  8.730000000000E+00  2.027595543037E+03  2.027595689212E+03
  8.740000000000E+00  2.027595651274E+03  2.027595791953E+03
  8.750000000000E+00  2.027595755441E+03  2.027595890830E+03
  8.760000000000E+00  2.027595855691E+03  2.027595985989E+03
  8.770000000000E+00  2.027595952172E+03  2.027596077571E+03
  8.780000000000E+00  2.027596045025E+03  2.027596165708E+03
  8.790000000000E+00  2.027596134386E+03  2.027596250531E+03
  8.800000000000E+00  2.027596220387E+03  2.027596332165E+03
  8.810000000000E+00  2.027596303154E+03  2.027596410729E+03
  8.820000000000E+00  2.027596382809E+03  2.027596486338E+03
  8.830000000000E+00  2.027596459468E+03  2.027596559105E+03
  8.840000000000E+00  2.027596533246E+03  2.027596629136E+03
  8.850000000000E+00  2.027596604248E+03  2.027596696533E+03
  8.860000000000E+00  2.027596672581E+03  2.027596761396E+03
  8.870000000000E+00  2.027596738345E+03  2.027596823820E+03
  8.880000000000E+00  2.027596801636E+03  2.027596883896E+03
  8.890000000000E+00  2.027596862546E+03  2.027596941714E+03
  8.900000000000E+00  2.027596921167E+03  2.027596997357E+03
  8.910000000000E+00  2.027596977583E+03  2.027597050908E+03
  8.920000000000E+00  2.027597031877E+03  2.027597102446E+03
  8.930000000000E+00  2.027597084131E+03  2.027597152045E+03
  8.940000000000E+00  2.027597134419E+03  2.027597199780E+03
  8.950000000000E+00  2.027597182816E+03  2.027597245719E+03
  8.960000000000E+00  2.027597229394E+03  2.027597289931E+03
  8.970000000000E+00  2.027597274219E+03  2.027597332481E+03
  8.980000000000E+00  2.027597317360E+03  2.027597373430E+03
  8.990000000000E+00  2.027597358878E+03  2.027597412840E+03
  9.000000000000E+00  2.027597398835E+03  2.027597450768E+03
  9.010000000000E+00  2.027597437290E+03  2.027597487270E+03
  9.020000000000E+00  2.027597474298E+03  2.027597522399E+03
  9.030000000000E+00  2.027597509915E+03  2.027597556207E+03
  9.040000000000E+00  2.027597544193E+03  2.027597588744E+03
  9.050000000000E+00  2.027597577182E+03  2.027597620058E+03
  9.060000000000E+00  2.027597608930E+03  2.027597650194E+03
  9.070000000000E+00  2.027597639484E+03  2.027597679197E+03
  9.080000000000E+00  2.027597668890E+03  2.027597707109E+03
  9.090000000000E+00  2.027597697190E+03  2.027597733972E+03
  9.100000000000E+00  2.027597724425E+03  2.027597759824E+03
  9.110000000000E+00  2.027597750637E+03  2.027597784705E+03
  9.120000000000E+00  2.027597775863E+03  2.027597808649E+03
  9.130000000000E+00  2.027597800140E+03  2.027597831694E+03
  9.140000000000E+00  2.027597823505E+03  2.027597853872E+03
  9.150000000000E+00  2.027597845991E+03  2.027597875216E+03
  9.160000000000E+00  2.027597867631E+03  2.027597895757E+03
  9.170000000000E+00  2.027597888458E+03  2.027597915526E+03
  9.180000000000E+00  2.027597908501E+03  2.027597934552E+03
  9.190000000000E+00  2.027597927791E+03  2.027597952862E+03
  9.200000000000E+00  2.027597946356E+03  2.027597970484E+03
  9.210000000000E+00  2.027597964222E+03  2.027597987443E+03
  9.220000000000E+00  2.027597981417E+03  2.027598003765E+03
  9.230000000000E+00  2.027597997965E+03  2.027598019472E+03
  9.240000000000E+00  2.027598013890E+03  2.027598034589E+03
  9.250000000000E+00  2.027598029217E+03  2.027598049138E+03
  9.260000000000E+00  2.027598043968E+03  2.027598063139E+03
  9.270000000000E+00  2.027598058164E+03  2.027598076614E+03
  9.280000000000E+00  2.027598071826E+03  2.027598089583E+03
  9.290000000000E+00  2.027598084974E+03  2.027598102063E+03
  9.300000000000E+00  2.027598097628E+03  2.027598114075E+03
  9.310000000000E+00  2.027598109807E+03  2.027598125635E+03
  9.320000000000E+00  2.027598121527E+03  2.027598136760E+03
  9.330000000000E+00  2.027598132806E+03  2.027598147466E+03
  9.340000000000E+00  2.027598143662E+03  2.027598157770E+03
  9.350000000000E+00  2.027598154109E+03  2.027598167687E+03
  9.360000000000E+00  2.027598164163E+03  2.027598177231E+03
  9.370000000000E+00  2.027598173840E+03  2.027598186416E+03
  9.380000000000E+00  2.027598183152E+03  2.027598195255E+03
  9.390000000000E+00  2.027598192114E+03  2.027598203762E+03
  9.400000000000E+00  2.027598200740E+03  2.027598211950E+03
  9.410000000000E+00  2.027598209041E+03  2.027598219829E+03
  9.420000000000E+00  2.027598217029E+03  2.027598227412E+03
  9.430000000000E+00  2.027598224718E+03  2.027598234710E+03
  9.440000000000E+00  2.027598232117E+03  2.027598241734E+03
  9.450000000000E+00  2.027598239238E+03  2.027598248493E+03
  9.460000000000E+00  2.027598246091E+03  2.027598254998E+03
  9.470000000000E+00  2.027598252687E+03  2.027598261259E+03
  9.480000000000E+00  2.027598259034E+03  2.027598267284E+03
  9.490000000000E+00  2.027598265143E+03  2.027598273083E+03
  9.500000000000E+00  2.027598271023E+03  2.027598278664E+03
  9.510000000000E+00  2.027598276681E+03  2.027598284034E+03
  9.520000000000E+00  2.027598282126E+03  2.027598289203E+03
  9.530000000000E+00  2.027598287367E+03  2.027598294178E+03
  9.540000000000E+00  2.027598292410E+03  2.027598298965E+03
  9.550000000000E+00  2.027598297264E+03  2.027598303572E+03
  9.560000000000E+00  2.027598301935E+03  2.027598308007E+03
  9.570000000000E+00  2.027598306431E+03  2.027598312274E+03
  9.580000000000E+00  2.027598310758E+03  2.027598316381E+03
  9.590000000000E+00  2.027598314922E+03  2.027598320333E+03
  9.600000000000E+00  2.027598318929E+03  2.027598324137E+03
  9.610000000000E+00  2.027598322786E+03  2.027598327798E+03
  9.620000000000E+00  2.027598326498E+03  2.027598331321E+03
  9.630000000000E+00  2.027598330070E+03  2.027598334712E+03
  9.640000000000E+00  2.027598333507E+03  2.027598337975E+03
  9.650000000000E+00  2.027598336816E+03  2.027598341116E+03
  9.660000000000E+00  2.027598340000E+03  2.027598344138E+03
  9.670000000000E+00  2.027598343064E+03  2.027598347047E+03
  9.680000000000E+00  2.027598346014E+03  2.027598349846E+03
  9.690000000000E+00  2.027598348852E+03  2.027598352540E+03
  9.700000000000E+00  2.027598351583E+03  2.027598355133E+03
  9.710000000000E+00  2.027598354212E+03  2.027598357629E+03
  9.720000000000E+00  2.027598356742E+03  2.027598360030E+03
  9.730000000000E+00  2.027598359177E+03  2.027598362341E+03
  9.740000000000E+00  2.027598361520E+03  2.027598364566E+03
  9.750000000000E+00  2.027598363775E+03  2.027598366706E+03
  9.760000000000E+00  2.027598365946E+03  2.027598368766E+03
  9.770000000000E+00  2.027598368035E+03  2.027598370749E+03
  9.780000000000E+00  2.027598370045E+03  2.027598372657E+03
  9.790000000000E+00  2.027598371979E+03  2.027598374494E+03
  9.800000000000E+00  2.027598373841E+03  2.027598376261E+03
  9.810000000000E+00  2.027598375633E+03  2.027598377962E+03
  9.820000000000E+00  2.027598377358E+03  2.027598379599E+03
  9.830000000000E+00  2.027598379017E+03  2.027598381174E+03
  9.840000000000E+00  2.027598380615E+03  2.027598382690E+03
  9.850000000000E+00  2.027598382152E+03  2.027598384149E+03
  9.860000000000E+00  2.027598383631E+03  2.027598385553E+03
  9.870000000000E+00  2.027598385055E+03  2.027598386905E+03
  9.880000000000E+00  2.027598386425E+03  2.027598388206E+03
  9.890000000000E+00  2.027598387744E+03  2.027598389457E+03
  9.900000000000E+00  2.027598389013E+03  2.027598390662E+03
  9.910000000000E+00  2.027598390234E+03  2.027598391821E+03
  9.920000000000E+00  2.027598391410E+03  2.027598392937E+03
  9.930000000000E+00  2.027598392541E+03  2.027598394011E+03
  9.940000000000E+00  2.027598393630E+03  2.027598395044E+03
  9.950000000000E+00  2.027598394677E+03  2.027598396039E+03
  9.960000000000E+00  2.027598395686E+03  2.027598396996E+03
  9.970000000000E+00  2.027598396656E+03  2.027598397917E+03
  9.980000000000E+00  2.027598397590E+03  2.027598398804E+03
  9.990000000000E+00  2.027598398489E+03  2.027598399657E+03
  1.000000000000E+01  2.027598399354E+03  2.027598400478E+03
  1.000000000000E-02  7.148737363464E-05  1.515167489216E-04
  2.000000000000E-02  1.230650646111E-04  1.727511569535E-04
  3.000000000000E-02  1.491957956272E-04  1.748455969147E-04
  4.000000000000E-02  1.604482219898E-04  1.726889279362E-04
  5.000000000000E-02  1.644661626860E-04  1.697404309313E-04
  6.000000000000E-02  1.651329237740E-04  1.669337285474E-04
  7.000000000000E-02  1.643614315322E-04  1.645409150048E-04
  8.000000000000E-02  1.630936234172E-04  1.626287855415E-04
  9.000000000000E-02  1.617914334082E-04  1.611932564451E-04
  1.000000000000E-01  1.606752027042E-04  1.602051886703E-04
  1.100000000000E-01  1.598423214277E-04  1.596280482413E-04
  1.200000000000E-01  1.593277305037E-04  1.594251939164E-04
  1.300000000000E-01  1.591353340898E-04  1.595628640373E-04
  1.400000000000E-01  1.592544525051E-04  1.600112359006E-04
  1.500000000000E-01  1.596684207802E-04  1.607445955167E-04
  1.600000000000E-01  1.603590081565E-04  1.617411077160E-04
  1.700000000000E-01  1.613086019639E-04  1.629824272655E-04
  1.800000000000E-01  1.625011995780E-04  1.644532697037E-04
  1.900000000000E-01  1.639227741475E-04  1.661409983943E-04
  2.000000000000E-01  1.655613215749E-04  1.680352520761E-04
  2.100000000000E-01  1.674067551801E-04  1.701276206514E-04
  2.200000000000E-01  1.694507369512E-04  1.724113687890E-04
  2.300000000000E-01  1.716864916316E-04  1.748812032263E-04
  2.400000000000E-01  1.741086265395E-04  1.775330783064E-04
  2.500000000000E-01  1.767129673777E-04  1.803640341380E-04
  2.600000000000E-01  1.794964136146E-04  1.833720621706E-04
  2.700000000000E-01  1.824568136250E-04  1.865559936039E-04
  2.800000000000E-01  1.855928581892E-04  1.899154067263E-04
  2.900000000000E-01  1.889039903199E-04  1.934505499144E-04
  3.000000000000E-01  1.923903292581E-04  1.971622775924E-04
  3.100000000000E-01  1.960526065884E-04  2.010519969318E-04
  3.200000000000E-01  1.998921126403E-04  2.051216234809E-04
  3.300000000000E-01  2.039106515876E-04  2.093735442419E-04
  3.400000000000E-01  2.081105038969E-04  2.138105869930E-04
  3.500000000000E-01  2.124943949901E-04  2.184359948689E-04
  3.600000000000E-01  2.170654691806E-04  2.232534053963E-04
  3.700000000000E-01  2.218272680960E-04  2.282668333268E-04
  3.800000000000E-01  2.267837129402E-04  2.334806567246E-04
  3.900000000000E-01  2.319390900556E-04  2.388996058655E-04
  4.000000000000E-01  2.372980393399E-04  2.445287545781E-04
  4.100000000000E-01  2.428655451469E-04  2.503735137227E-04
  4.200000000000E-01  2.486469293623E-04  2.564396265557E-04
  4.300000000000E-01  2.546478463983E-04  2.627331657658E-04
  4.400000000000E-01  2.608742798914E-04  2.692605320074E-04
  4.500000000000E-01  2.673325409224E-04  2.760284537830E-04
  4.600000000000E-01  2.740292676091E-04  2.830439885478E-04
  4.700000000000E-01  2.809714259418E-04  2.903145249356E-04
  4.800000000000E-01  2.881663117563E-04  2.978477860144E-04
  4.900000000000E-01  2.956215537525E-04  3.056518334989E-04
  5.000000000000E-01  3.033451174825E-04  3.137350728580E-04
  5.100000000000E-01  3.113453102439E-04  3.221062592632E-04
  5.200000000000E-01  3.196307868243E-04  3.307745043355E-04
  5.300000000000E-01  3.282105560509E-04  3.397492836541E-04
  5.400000000000E-01  3.370939881074E-04  3.490404449950E-04
  5.500000000000E-01  3.462908225884E-04  3.586582172784E-04
  5.600000000000E-01  3.558111772633E-04  3.686132202019E-04
  5.700000000000E-01  3.656655575303E-04  3.789164745460E-04
  5.800000000000E-01  3.758648665453E-04  3.895794131403E-04
  5.900000000000E-01  3.864204160112E-04  4.006138924820E-04
  6.000000000000E-01  3.973439376204E-04  4.120322050020E-04
  6.100000000000E-01  4.086475951449E-04  4.238470919758E-04
  6.200000000000E-01  4.203439971698E-04  4.360717570805E-04
  6.300000000000E-01  4.324462104714E-04  4.487198806002E-04
  6.400000000000E-01  4.449677740417E-04  4.618056342841E-04
  6.500000000000E-01  4.579227137626E-04  4.753436968644E-04
  6.600000000000E-01  4.713255577378E-04  4.893492702434E-04
  6.700000000000E-01  4.851913522888E-04  5.038380963582E-04
  6.800000000000E-01  4.995356786265E-04  5.188264747380E-04
  6.900000000000E-01  5.143746702087E-04  5.343312807645E-04
  7.000000000000E-01  5.297250307977E-04  5.503699846520E-04
  7.100000000000E-01  5.456040532320E-04  5.669606711636E-04
  7.200000000000E-01  5.620296389286E-04  5.841220600823E-04
  7.300000000000E-01  5.790203181332E-04  6.018735274534E-04
  7.400000000000E-01  5.965952709370E-04  6.202351276221E-04
  7.500000000000E-01  6.147743490820E-04  6.392276160865E-04
  7.600000000000E-01  6.335780985725E-04  6.588724731889E-04
  7.700000000000E-01  6.530277831208E-04  6.791919286705E-04
  7.800000000000E-01  6.731454084465E-04  7.002089871159E-04
  7.900000000000E-01  6.939537474581E-04  7.219474543126E-04
  8.000000000000E-01  7.154763663413E-04  7.444319645559E-04
  8.100000000000E-01  7.377376515838E-04  7.676880089267E-04
  8.200000000000E-01  7.607628379645E-04  7.917419645753E-04
  8.300000000000E-01  7.845780375377E-04  8.166211250416E-04
  8.400000000000E-01  8.092102696462E-04  8.423537316462E-04
  8.500000000000E-01  8.346874919925E-04  8.689690059878E-04
  8.600000000000E-01  8.610386328077E-04  8.964971835816E-04
  8.700000000000E-01  8.882936241492E-04  9.249695486785E-04
  8.800000000000E-01  9.164834363682E-04  9.544184703034E-04
  8.900000000000E-01  9.456401137840E-04  9.848774395526E-04
  9.000000000000E-01  9.757968116059E-04  1.016381108194E-03
  9.100000000000E-01  1.006987834144E-03  1.048965328615E-03
  9.200000000000E-01  1.039248674355E-03  1.082667195156E-03
  9.300000000000E-01  1.072616054762E-03  1.117525086892E-03
  9.400000000000E-01  1.107127969801E-03  1.153578711893E-03
  9.500000000000E-01  1.142823729644E-03  1.190869153027E-03
  9.600000000000E-01  1.179744005536E-03  1.229438915354E-03
  9.700000000000E-01  1.217930876716E-03  1.269331975162E-03
  9.800000000000E-01  1.257427878961E-03  1.310593830709E-03
  9.900000000000E-01  1.298280054815E-03  1.353271554717E-03
  1.000000000000E+00  1.340534005567E-03  1.397413848696E-03
  1.010000000000E+00  1.384237945017E-03  1.443071099139E-03
  1.020000000000E+00  1.429441755120E-03  1.490295435675E-03
  1.030000000000E+00  1.476197043546E-03  1.539140791229E-03
  1.040000000000E+00  1.524557203244E-03  1.589662964263E-03
  1.050000000000E+00  1.574577474060E-03  1.641919683181E-03
  1.060000000000E+00  1.626315006491E-03  1.695970672955E-03
  1.070000000000E+00  1.679828927649E-03  1.751877724060E-03
  1.080000000000E+00  1.735180409504E-03  1.809704763793E-03
  1.090000000000E+00  1.792432739489E-03  1.869517930061E-03
  1.100000000000E+00  1.851651393549E-03  1.931385647721E-03
  1.110000000000E+00  1.912904111718E-03  1.995378707557E-03
  1.120000000000E+00  1.976260976304E-03  2.061570347999E-03
  1.130000000000E+00  2.041794492791E-03  2.130036339654E-03
  1.140000000000E+00  2.109579673523E-03  2.200855072772E-03
  1.150000000000E+00  2.179694124295E-03  2.274107647730E-03
  1.160000000000E+00  2.252218133933E-03  2.349877968645E-03
  1.170000000000E+00  2.327234766970E-03  2.428252840232E-03
  1.180000000000E+00  2.404829959528E-03  2.509322067995E-03
  1.190000000000E+00  2.485092618520E-03  2.593178561900E-03
  1.200000000000E+00  2.568114724272E-03  2.679918443617E-03
  1.210000000000E+00  2.653991436698E-03  2.769641157480E-03
  1.220000000000E+00  2.742821205152E-03  2.862449585275E-03
  1.230000000000E+00  2.834705882062E-03  2.958450165003E-03
  1.240000000000E+00  2.929750840510E-03  3.057753013744E-03
  1.250000000000E+00  3.028065095863E-03  3.160472054768E-03
  1.260000000000E+00  3.129761431612E-03  3.266725149044E-03
  1.270000000000E+00  3.234956529569E-03  3.376634231286E-03
  1.280000000000E+00  3.343771104548E-03  3.490325450713E-03
  1.290000000000E+00  3.456330043721E-03  3.607929316667E-03
  1.300000000000E+00  3.572762550772E-03  3.729580849264E-03
  1.310000000000E+00  3.693202295049E-03  3.855419735252E-03
  1.320000000000E+00  3.817787565858E-03  3.985590489266E-03
  1.330000000000E+00  3.946661432103E-03  4.120242620636E-03
  1.340000000000E+00  4.079971907433E-03  4.259530805983E-03
  1.350000000000E+00  4.217872121102E-03  4.403615067764E-03
  1.360000000000E+00  4.360520494736E-03  4.552660958997E-03
  1.370000000000E+00  4.508080925201E-03  4.706839754362E-03
  1.380000000000E+00  4.660722973802E-03  4.866328647918E-03
  1.390000000000E+00  4.818622062014E-03  5.031310957644E-03
  1.400000000000E+00  4.981959673983E-03  5.201976337050E-03
  1.410000000000E+00  5.150923566017E-03  5.378520994110E-03
  1.420000000000E+00  5.325707983326E-03  5.561147917748E-03
  1.430000000000E+00  5.506513884249E-03  5.750067112163E-03
  1.440000000000E+00  5.693549172229E-03  5.945495839246E-03
  1.450000000000E+00  5.887028935811E-03  6.147658869377E-03
  1.460000000000E+00  6.087175696922E-03  6.356788740892E-03
  1.470000000000E+00  6.294219667748E-03  6.573126028506E-03
  1.480000000000E+00  6.508399016473E-03  6.796919621030E-03
  1.490000000000E+00  6.729960142216E-03  7.028427008672E-03
  1.500000000000E+00  6.959157959454E-03  7.267914580270E-03
  1.510000000000E+00  7.196256192289E-03  7.515657930800E-03
  1.520000000000E+00  7.441527678873E-03  7.771942179508E-03
  1.530000000000E+00  7.695254686365E-03  8.037062299037E-03
  1.540000000000E+00  7.957729236759E-03  8.311323455931E-03
  1.550000000000E+00  8.229253443986E-03  8.595041362899E-03
  1.560000000000E+00  8.510139862651E-03  8.888542643257E-03
  1.570000000000E+00  8.800711848836E-03  9.192165207971E-03
  1.580000000000E+00  9.101303933361E-03  9.506258645713E-03
  1.590000000000E+00  9.412262207948E-03  9.831184626410E-03
  1.600000000000E+00  9.733944724728E-03  1.016731731874E-02
  1.610000000000E+00  1.006672190956E-02  1.051504382203E-02
  1.620000000000E+00  1.041097698963E-02  1.087476461313E-02
  1.630000000000E+00  1.076710643580E-02  1.124689400867E-02
  1.640000000000E+00  1.113552042031E-02  1.163186064334E-02
  1.650000000000E+00  1.151664329022E-02  1.203010796465E-02
  1.660000000000E+00  1.191091405726E-02  1.244209474483E-02
  1.670000000000E+00  1.231878690459E-02  1.286829561042E-02
  1.680000000000E+00  1.274073171108E-02  1.330920159010E-02
  1.690000000000E+00  1.317723459368E-02  1.376532068154E-02
  1.700000000000E+00  1.362879846861E-02  1.423717843773E-02
  1.710000000000E+00  1.409594363181E-02  1.472531857371E-02
  1.720000000000E+00  1.457920835957E-02  1.523030359410E-02
  1.730000000000E+00  1.507914952986E-02  1.575271544246E-02
  1.740000000000E+00  1.559634326513E-02  1.629315617303E-02
  1.750000000000E+00  1.613138559734E-02  1.685224864561E-02
  1.760000000000E+00  1.668489315592E-02  1.743063724460E-02
  1.770000000000E+00  1.725750387960E-02  1.802898862276E-02
  1.780000000000E+00  1.784987775271E-02  1.864799247073E-02
  1.790000000000E+00  1.846269756705E-02  1.928836231310E-02
  1.800000000000E+00  1.909666970995E-02  1.995083633203E-02
  1.810000000000E+00  1.975252497970E-02  2.063617821929E-02
  1.820000000000E+00  2.043101942903E-02  2.134517805777E-02
  1.830000000000E+00  2.113293523781E-02  2.207865323343E-02
  1.840000000000E+00  2.185908161588E-02  2.283744937872E-02
  1.850000000000E+00  2.261029573707E-02  2.362244134872E-02
  1.860000000000E+00  2.338744370551E-02  2.443453423082E-02
  1.870000000000E+00  2.419142155529E-02  2.527466438947E-02
  1.880000000000E+00  2.502315628469E-02  2.614380054690E-02
  1.890000000000E+00  2.588360692612E-02  2.704294490121E-02
  1.900000000000E+00  2.677376565306E-02  2.797313428314E-02
  1.910000000000E+00  2.769465892522E-02  2.893544135271E-02
  1.920000000000E+00  2.864734867321E-02  2.993097583730E-02
  1.930000000000E+00  2.963293352426E-02  3.096088581240E-02
  1.940000000000E+00  3.065255007017E-02  3.202635902672E-02
  1.950000000000E+00  3.170737417914E-02  3.312862427297E-02
  1.960000000000E+00  3.279862235287E-02  3.426895280607E-02
  1.970000000000E+00  3.392755313055E-02  3.544865981030E-02
  1.980000000000E+00  3.509546854138E-02  3.666910591717E-02
  1.990000000000E+00  3.630371560724E-02  3.793169877571E-02
  2.000000000000E+00  3.755368789728E-02  3.923789467699E-02
  2.010000000000E+00  3.884682713620E-02  4.058920023478E-02
  2.020000000000E+00  4.018462486811E-02  4.198717412424E-02
  2.030000000000E+00  4.156862417780E-02  4.343342888069E-02
  2.040000000000E+00  4.300042147156E-02  4.492963276048E-02
  2.050000000000E+00  4.448166831944E-02  4.647751166615E-02
  2.060000000000E+00  4.601407336116E-02  4.807885113811E-02
  2.070000000000E+00  4.759940427786E-02  4.973549841507E-02
  2.080000000000E+00  4.923948983192E-02  5.144936456564E-02
  2.090000000000E+00  5.093622197731E-02  5.322242669357E-02
  2.100000000000E+00  5.269155804269E-02  5.505673021914E-02
  2.110000000000E+00  5.450752299006E-02  5.695439123931E-02
  2.120000000000E+00  5.638621175131E-02  5.891759896942E-02
  2.130000000000E+00  5.832979164548E-02  6.094861826922E-02
  2.140000000000E+00  6.034050487950E-02  6.304979225602E-02
  2.150000000000E+00  6.242067113537E-02  6.522354500826E-02
  2.160000000000E+00  6.457269024649E-02  6.747238436225E-02
  2.170000000000E+00  6.679904496662E-02  6.979890480560E-02
  2.180000000000E+00  6.910230383429E-02  7.220579047051E-02
  2.190000000000E+00  7.148512413620E-02  7.469581823043E-02
  2.200000000000E+00  7.395025497292E-02  7.727186090360E-02
  2.210000000000E+00  7.650054043042E-02  7.993689056723E-02
  2.220000000000E+00  7.913892286108E-02  8.269398198606E-02
  2.230000000000E+00  8.186844627809E-02  8.554631615934E-02
  2.240000000000E+00  8.469225986684E-02  8.849718399018E-02
  2.250000000000E+00  8.761362161768E-02  9.154999008162E-02
  2.260000000000E+00  9.063590208405E-02  9.470825666371E-02
  2.270000000000E+00  9.376258827029E-02  9.797562765614E-02
  2.280000000000E+00  9.699728765367E-02  1.013558728711E-01
  2.290000000000E+00  1.003437323453E-01  1.048528923612E-01
  2.300000000000E+00  1.038057833945E-01  1.084707209173E-01
  2.310000000000E+00  1.073874352419E-01  1.122135327221E-01
  2.320000000000E+00  1.110928203261E-01  1.160856461633E-01
  2.330000000000E+00  1.149262138493E-01  1.200915288139E-01
  2.340000000000E+00  1.188920387076E-01  1.242358025840E-01
  2.350000000000E+00  1.229948705909E-01  1.285232490497E-01
  2.360000000000E+00  1.272394432594E-01  1.329588149669E-01
  2.370000000000E+00  1.316306540017E-01  1.375476179746E-01
  2.380000000000E+00  1.361735692814E-01  1.422949524953E-01
  2.390000000000E+00  1.408734305782E-01  1.472062958387E-01
  2.400000000000E+00  1.457356604312E-01  1.522873145159E-01
  2.410000000000E+00  1.507658686897E-01  1.575438707717E-01
  2.420000000000E+00  1.559698589803E-01  1.629820293420E-01
  2.430000000000E+00  1.613536353966E-01  1.686080644438E-01
  2.440000000000E+00  1.669234094202E-01  1.744284670073E-01
  2.450000000000E+00  1.726856070791E-01  1.804499521558E-01
  2.460000000000E+00  1.786468763549E-01  1.866794669453E-01
  2.470000000000E+00  1.848140948433E-01  1.931241983693E-01
  2.480000000000E+00  1.911943776799E-01  1.997915816404E-01
  2.490000000000E+00  1.977950857391E-01  2.066893087571E-01
  2.500000000000E+00  2.046238341154E-01  2.138253373659E-01
  2.510000000000E+00  2.116885008966E-01  2.212078999290E-01
  2.520000000000E+00  2.189972362404E-01  2.288455132071E-01
  2.530000000000E+00  2.265584717627E-01  2.367469880701E-01
  2.540000000000E+00  2.343809302500E-01  2.449214396447E-01
  2.550000000000E+00  2.424736357060E-01  2.533782978121E-01
  2.560000000000E+00  2.508459237446E-01  2.621273180675E-01
  2.570000000000E+00  2.595074523406E-01  2.711785927526E-01
  2.580000000000E+00  2.684682129512E-01  2.805425626760E-01
  2.590000000000E+00  2.777385420192E-01  2.902300291329E-01
  2.600000000000E+00  2.873291328738E-01  3.002521663390E-01
  2.610000000000E+00  2.972510480402E-01  3.106205342921E-01
  2.620000000000E+00  3.075157319729E-01  3.213470920766E-01
  2.630000000000E+00  3.181350242275E-01  3.324442116255E-01
  2.640000000000E+00  3.291211730858E-01  3.439246919559E-01
  2.650000000000E+00  3.404868496492E-01  3.558017738948E-01
  2.660000000000E+00  3.522451624175E-01  3.680891553102E-01
  2.670000000000E+00  3.644096723691E-01  3.808010068672E-01
  2.680000000000E+00  3.769944085591E-01  3.939519883251E-01
  2.690000000000E+00  3.900138842545E-01  4.075572653944E-01
  2.700000000000E+00  4.034831136237E-01  4.216325271745E-01
  2.710000000000E+00  4.174176289997E-01  4.361940041891E-01
  2.720000000000E+00  4.318334987364E-01  4.512584870418E-01
  2.730000000000E+00  4.467473456789E-01  4.668433457130E-01
  2.740000000000E+00  4.621763662673E-01  4.829665495186E-01
  2.750000000000E+00  4.781383502977E-01  4.996466877545E-01
  2.760000000000E+00  4.946517013607E-01  5.169029910494E-01
  2.770000000000E+00  5.117354579823E-01  5.347553534509E-01
  2.780000000000E+00  5.294093154896E-01  5.532243552686E-01
  2.790000000000E+00  5.476936486274E-01  5.723312867011E-01
  2.800000000000E+00  5.666095349502E-01  5.920981722738E-01
  2.810000000000E+00  5.861787790163E-01  6.125477961128E-01
  2.820000000000E+00  6.064239374120E-01  6.337037280870E-01
  2.830000000000E+00  6.273683446323E-01  6.555903508443E-01
  2.840000000000E+00  6.490361398502E-01  6.782328877749E-01
  2.850000000000E+00  6.714522946005E-01  7.016574319310E-01
  2.860000000000E+00  6.946426414139E-01  7.258909759375E-01
  2.870000000000E+00  7.186339034302E-01  7.509614429257E-01
  2.880000000000E+00  7.434537250248E-01  7.768977185247E-01
  2.890000000000E+00  7.691307034831E-01  8.037296839475E-01
  2.900000000000E+00  7.956944217587E-01  8.314882502074E-01
  2.910000000000E+00  8.231754823498E-01  8.602053935040E-01
  2.920000000000E+00  8.516055423349E-01  8.899141918171E-01
  2.930000000000E+00  8.810173496041E-01  9.206488627505E-01
  2.940000000000E+00  9.114447803288E-01  9.524448026672E-01
  2.950000000000E+00  9.429228777076E-01  9.853386271589E-01
  2.960000000000E+00  9.754878920371E-01  1.019368212896E+00
  2.970000000000E+00  1.009177322147E+00  1.054572740904E+00
  2.980000000000E+00  1.044029958248E+00  1.090992741312E+00
  2.990000000000E+00  1.080085926240E+00  1.128670139627E+00
  3.000000000000E+00  1.117386733525E+00  1.167648304582E+00
  3.010000000000E+00  1.155975316387E+00  1.207972097611E+00
  3.020000000000E+00  1.195896088977E+00  1.249687924005E+00
  3.030000000000E+00  1.237194993962E+00  1.292843785806E+00
  3.040000000000E+00  1.279919554899E+00  1.337489336497E+00
  3.050000000000E+00  1.324118930389E+00  1.383675937549E+00
  3.060000000000E+00  1.369843970060E+00  1.431456716880E+00
  3.070000000000E+00  1.417147272456E+00  1.480886629303E+00
  3.080000000000E+00  1.466083244885E+00  1.532022519011E+00
  3.090000000000E+00  1.516708165294E+00  1.584923184180E+00
  3.100000000000E+00  1.569080246235E+00  1.639649443762E+00
  3.110000000000E+00  1.623259701001E+00  1.696264206524E+00
  3.120000000000E+00  1.679308811988E+00  1.754832542425E+00
  3.130000000000E+00  1.737292001369E+00  1.815421756396E+00
  3.140000000000E+00  1.797275904153E+00  1.878101464608E+00
  3.150000000000E+00  1.859329443707E+00  1.942943673305E+00
  3.160000000000E+00  1.923523909814E+00  2.010022860295E+00
  3.170000000000E+00  1.989933039365E+00  2.079416059170E+00
  3.180000000000E+00  2.058633099761E+00  2.151202946360E+00
  3.190000000000E+00  2.129702975114E+00  2.225465931105E+00
  3.200000000000E+00  2.203224255336E+00  2.302290248437E+00
  3.210000000000E+00  2.279281328221E+00  2.381764055277E+00
  3.220000000000E+00  2.357961474603E+00  2.463978529743E+00
  3.230000000000E+00  2.439354966696E+00  2.549027973772E+00
  3.240000000000E+00  2.523555169720E+00  2.637009919162E+00
  3.250000000000E+00  2.610658646911E+00  2.728025237149E+00
  3.260000000000E+00  2.700765268035E+00  2.822178251626E+00
  3.270000000000E+00  2.793978321508E+00  2.919576856113E+00
  3.280000000000E+00  2.890404630237E+00  3.020332634623E+00
  3.290000000000E+00  2.990154671312E+00  3.124560986512E+00
  3.300000000000E+00  3.093342699653E+00  3.232381255466E+00
  3.310000000000E+00  3.200086875752E+00  3.343916862743E+00
  3.320000000000E+00  3.310509397628E+00  3.459295444802E+00
  3.330000000000E+00  3.424736637137E+00  3.578648995463E+00
  3.340000000000E+00  3.542899280761E+00  3.702114012733E+00
  3.350000000000E+00  3.665132475025E+00  3.829831650442E+00
  3.360000000000E+00  3.791575976684E+00  3.961947874837E+00
  3.370000000000E+00  3.922374307817E+00  4.098613626293E+00
  3.380000000000E+00  4.057676915989E+00  4.239984986287E+00
  3.390000000000E+00  4.197638339641E+00  4.386223349796E+00
  3.400000000000E+00  4.342418378841E+00  4.537495603295E+00
  3.410000000000E+00  4.492182271594E+00  4.693974308502E+00
  3.420000000000E+00  4.647100875841E+00  4.855837892060E+00
  3.430000000000E+00  4.807350857352E+00  5.023270841323E+00
  3.440000000000E+00  4.973114883656E+00  5.196463906430E+00
  3.450000000000E+00  5.144581824214E+00  5.375614308841E+00
  3.460000000000E+00  5.321946956996E+00  5.560925956540E+00
  3.470000000000E+00  5.505412181660E+00  5.752609666085E+00
  3.480000000000E+00  5.695186239528E+00  5.950883391699E+00
  3.490000000000E+00  5.891484940535E+00  6.155972461612E+00
  3.500000000000E+00  6.094531397375E+00  6.368109821855E+00
  3.510000000000E+00  6.304556267023E+00  6.587536287705E+00
  3.520000000000E+00  6.521797999863E+00  6.814500803009E+00
  3.530000000000E+00  6.746503096607E+00  7.049260707587E+00
  3.540000000000E+00  6.978926373240E+00  7.292082012941E+00
  3.550000000000E+00  7.219331234203E+00  7.543239686494E+00
  3.560000000000E+00  7.467989954026E+00  7.803017944581E+00
  3.570000000000E+00  7.725183967656E+00  8.071710554419E+00
  3.580000000000E+00  7.991204169679E+00  8.349621145301E+00
  3.590000000000E+00  8.266351222702E+00  8.637063529226E+00
  3.600000000000E+00  8.550935875092E+00  8.934362031228E+00
  3.610000000000E+00  8.845279288345E+00  9.241851829622E+00
  3.620000000000E+00  9.149713374286E+00  9.559879306427E+00
  3.630000000000E+00  9.464581142375E+00  9.888802408183E+00
  3.640000000000E+00  9.790237057338E+00  1.022899101744E+01
  3.650000000000E+00  1.012704740738E+01  1.058082733515E+01
  3.660000000000E+00  1.047539068319E+01  1.094470627415E+01
  3.670000000000E+00  1.083565796809E+01  1.132103586411E+01
  3.680000000000E+00  1.120825333935E+01  1.171023766808E+01
  3.690000000000E+00  1.159359428122E+01  1.211274721088E+01
  3.700000000000E+00  1.199211210964E+01  1.252901441961E+01
  3.710000000000E+00  1.240425240902E+01  1.295950407661E+01
  3.720000000000E+00  1.283047548129E+01  1.340469628483E+01
  3.730000000000E+00  1.327125680746E+01  1.386508694615E+01
  3.740000000000E+00  1.372708752193E+01  1.434118825267E+01
  3.750000000000E+00  1.419847489968E+01  1.483352919127E+01
  3.760000000000E+00  1.468594285674E+01  1.534265606163E+01
  3.770000000000E+00  1.519003246398E+01  1.586913300786E+01
  3.780000000000E+00  1.571130247448E+01  1.641354256406E+01
  3.790000000000E+00  1.625032986472E+01  1.697648621381E+01
  3.800000000000E+00  1.680771038966E+01  1.755858496389E+01
  3.810000000000E+00  1.738405915202E+01  1.816047993235E+01
  3.820000000000E+00  1.798001118575E+01  1.878283295099E+01
  3.830000000000E+00  1.859622205399E+01  1.942632718244E+01
  3.840000000000E+00  1.923336846145E+01  2.009166775193E+01
  3.850000000000E+00  1.989214888153E+01  2.077958239374E+01
  3.860000000000E+00  2.057328419804E+01  2.149082211249E+01
  3.870000000000E+00  2.127751836173E+01  2.222616185918E+01
  3.880000000000E+00  2.200561906153E+01  2.298640122199E+01
  3.890000000000E+00  2.275837841060E+01  2.377236513188E+01
  3.900000000000E+00  2.353661364705E+01  2.458490458279E+01
  3.910000000000E+00  2.434116784939E+01  2.542489736631E+01
  3.920000000000E+00  2.517291066638E+01  2.629324882080E+01
  3.930000000000E+00  2.603273906138E+01  2.719089259459E+01
  3.940000000000E+00  2.692157807080E+01  2.811879142303E+01
  3.950000000000E+00  2.784038157649E+01  2.907793791916E+01
  3.960000000000E+00  2.879013309173E+01  3.006935537747E+01
  3.970000000000E+00  2.977184656049E+01  3.109409859044E+01
  3.980000000000E+00  3.078656716950E+01  3.215325467730E+01
  3.990000000000E+00  3.183537217268E+01  3.324794392439E+01
  4.000000000000E+00  3.291937172727E+01  3.437932063648E+01
  4.010000000000E+00  3.403970974118E+01  3.554857399838E+01
  4.020000000000E+00  3.519756473064E+01  3.675692894583E+01
  4.030000000000E+00  3.639415068748E+01  3.800564704486E+01
  4.040000000000E+00  3.763071795510E+01  3.929602737862E+01
  4.050000000000E+00  3.890855411206E+01  4.062940744034E+01
  4.060000000000E+00  4.022898486221E+01  4.200716403131E+01
  4.070000000000E+00  4.159337493014E+01  4.343071416251E+01
  4.080000000000E+00  4.300312896055E+01  4.490151595816E+01
  4.090000000000E+00  4.445969242008E+01  4.642106955976E+01
  4.100000000000E+00  4.596455249997E+01  4.799091802861E+01
  4.110000000000E+00  4.751923901768E+01  4.961264824498E+01
  4.120000000000E+00  4.912532531574E+01  5.128789180169E+01
  4.130000000000E+00  5.078442915553E+01  5.301832588973E+01
  4.140000000000E+00  5.249821360376E+01  5.480567417360E+01
  4.150000000000E+00  5.426838790928E+01  5.665170765344E+01
  4.160000000000E+00  5.609670836753E+01  5.855824551117E+01
  4.170000000000E+00  5.798497916969E+01  6.052715593751E+01
  4.180000000000E+00  5.993505323355E+01  6.256035693640E+01
  4.190000000000E+00  6.194883301280E+01  6.465981710338E+01
  4.200000000000E+00  6.402827128122E+01  6.682755637395E+01
  4.210000000000E+00  6.617537188787E+01  6.906564673791E+01
  4.220000000000E+00  6.839219047947E+01  7.137621291522E+01
  4.230000000000E+00  7.068083518546E+01  7.376143298877E+01
  4.240000000000E+00  7.304346726131E+01  7.622353898906E+01
  4.250000000000E+00  7.548230168512E+01  7.876481742564E+01
  4.260000000000E+00  7.799960770241E+01  8.138760975958E+01
  4.270000000000E+00  8.059770931365E+01  8.409431281128E+01
  4.280000000000E+00  8.327898569860E+01  8.688737909726E+01
  4.290000000000E+00  8.604587157157E+01  8.976931708945E+01
  4.300000000000E+00  8.890085746095E+01  9.274269139002E+01
  4.310000000000E+00  9.184648990634E+01  9.581012281464E+01
  4.320000000000E+00  9.488537156605E+01  9.897428837633E+01
  4.330000000000E+00  9.802016122767E+01  1.022379211623E+02
  4.340000000000E+00  1.012535737135E+02  1.056038100949E+02
  4.350000000000E+00  1.045883796732E+02  1.090747995688E+02
  4.360000000000E+00  1.080274052543E+02  1.126537889544E+02
  4.370000000000E+00  1.115735316425E+02  1.163437319590E+02
  4.380000000000E+00  1.152296944617E+02  1.201476358351E+02
  4.390000000000E+00  1.189988830250E+02  1.240685604265E+02
  4.400000000000E+00  1.228841394256E+02  1.281096170414E+02
  4.410000000000E+00  1.268885574584E+02  1.322739671417E+02
  4.420000000000E+00  1.310152813606E+02  1.365648208378E+02
  4.430000000000E+00  1.352675043618E+02  1.409854351772E+02
  4.440000000000E+00  1.396484670306E+02  1.455391122155E+02
  4.450000000000E+00  1.441614554080E+02  1.502291968589E+02
  4.460000000000E+00  1.488097989148E+02  1.550590744645E+02
  4.470000000000E+00  1.535968680215E+02  1.600321681878E+02
  4.480000000000E+00  1.585260716694E+02  1.651519360655E+02
  4.490000000000E+00  1.636008544296E+02  1.704218678200E+02
  4.500000000000E+00  1.688246933886E+02  1.758454813748E+02
  4.510000000000E+00  1.742010947488E+02  1.814263190684E+02
  4.520000000000E+00  1.797335901307E+02  1.871679435552E+02
  4.530000000000E+00  1.854257325668E+02  1.930739333806E+02
  4.540000000000E+00  1.912810921736E+02  1.991478782218E+02
  4.550000000000E+00  1.973032514919E+02  2.053933737803E+02
  4.560000000000E+00  2.034958004849E+02  2.118140163186E+02
  4.570000000000E+00  2.098623311821E+02  2.184133968309E+02
  4.580000000000E+00  2.164064319615E+02  2.251950948381E+02
  4.590000000000E+00  2.231316814599E+02  2.321626718009E+02
  4.600000000000E+00  2.300416421040E+02  2.393196641440E+02
  4.610000000000E+00  2.371398532556E+02  2.466695758851E+02
  4.620000000000E+00  2.444298239641E+02  2.542158708665E+02
  4.630000000000E+00  2.519150253243E+02  2.619619645845E+02
  4.640000000000E+00  2.595988824338E+02  2.699112156187E+02
  4.650000000000E+00  2.674847659511E+02  2.780669166594E+02
  4.660000000000E+00  2.755759832542E+02  2.864322851390E+02
  4.670000000000E+00  2.838757692022E+02  2.950104534708E+02
  4.680000000000E+00  2.923872765054E+02  3.038044589048E+02
  4.690000000000E+00  3.011135657105E+02  3.128172330094E+02
  4.700000000000E+00  3.100575948111E+02  3.220515907938E+02
  4.710000000000E+00  3.192222084962E+02  3.315102194861E+02
  4.720000000000E+00  3.286101270518E+02  3.411956669880E+02
  4.730000000000E+00  3.382239349342E+02  3.511103300270E+02
  4.740000000000E+00  3.480660690368E+02  3.612564420337E+02
  4.750000000000E+00  3.581388066756E+02  3.716360607739E+02
  4.760000000000E+00  3.684442533225E+02  3.822510557673E+02
  4.770000000000E+00  3.789843301178E+02  3.931030955330E+02
  4.780000000000E+00  3.897607611989E+02  4.041936346998E+02
  4.790000000000E+00  4.007750608846E+02  4.155239010292E+02
  4.800000000000E+00  4.120285207599E+02  4.270948823974E+02
  4.810000000000E+00  4.235221967072E+02  4.389073137925E+02
  4.820000000000E+00  4.352568959375E+02  4.509616643806E+02
  4.830000000000E+00  4.472331640761E+02  4.632581247034E+02
  4.840000000000E+00  4.594512723627E+02  4.757965940713E+02
  4.850000000000E+00  4.719112050288E+02  4.885766682198E+02
  4.860000000000E+00  4.846126469182E+02  5.015976272991E+02
  4.870000000000E+00  4.975549714224E+02  5.148584242733E+02
  4.880000000000E+00  5.107372288010E+02  5.283576738032E+02
  4.890000000000E+00  5.241581349656E+02  5.420936416934E+02
  4.900000000000E+00  5.378160608019E+02  5.560642349837E+02
  4.910000000000E+00  5.517090221128E+02  5.702669927657E+02
  4.920000000000E+00  5.658346702615E+02  5.846990778098E+02
  4.930000000000E+00  5.801902835968E+02  5.993572690819E+02
  4.940000000000E+00  5.947727597440E+02  6.142379552349E+02
  4.950000000000E+00  6.095786088421E+02  6.293371291539E+02
  4.960000000000E+00  6.246039478083E+02  6.446503836353E+02
  4.970000000000E+00  6.398444957090E+02  6.601729082750E+02
  4.980000000000E+00  6.552955703140E+02  6.758994876386E+02
  4.990000000000E+00  6.709520859059E+02  6.918245007814E+02
  5.000000000000E+00  6.868085524147E+02  7.079419221814E+02
  5.010000000000E+00  7.028590759412E+02  7.242453241418E+02
  5.020000000000E+00  7.190973607264E+02  7.407278807124E+02
  5.030000000000E+00  7.355167126196E+02  7.573823731726E+02
  5.040000000000E+00  7.521100440883E+02  7.742011971085E+02
  5.050000000000E+00  7.688698808057E+02  7.911763711102E+02
  5.060000000000E+00  7.857883698424E+02  8.082995471009E+02
  5.070000000000E+00  8.028572894796E+02  8.255620223042E+02
  5.080000000000E+00  8.200680606506E+02  8.429547528405E+02
  5.090000000000E+00  8.374117600057E+02  8.604683689356E+02
  5.100000000000E+00  8.548791345871E+02  8.780931917089E+02
  5.110000000000E+00  8.724606180838E+02  8.958192515006E+02
  5.120000000000E+00  8.901463486315E+02  9.136363076821E+02
  5.130000000000E+00  9.079261881035E+02  9.315338698848E+02
  5.140000000000E+00  9.257897428324E+02  9.495012205665E+02
  5.150000000000E+00  9.437263856863E+02  9.675274388276E+02
  5.160000000000E+00  9.617252794156E+02  9.856014253765E+02
  5.170000000000E+00  9.797754011721E+02  1.003711928531E+03
  5.180000000000E+00  9.978655680932E+02  1.021847571135E+03
  5.190000000000E+00  1.015984463834E+03  1.039996878267E+03
  5.200000000000E+00  1.034120665923E+03  1.058148305592E+03
  5.210000000000E+00  1.052262673804E+03  1.076290268221E+03
  5.220000000000E+00  1.070398937422E+03  1.094411169927E+03
  5.230000000000E+00  1.088517886217E+03  1.112499432561E+03
  5.240000000000E+00  1.106607958358E+03  1.130543525518E+03
  5.250000000000E+00  1.124657630074E+03  1.148531995080E+03
  5.260000000000E+00  1.142655444923E+03  1.166453493505E+03
  5.270000000000E+00  1.160590042837E+03  1.184296807670E+03
  5.280000000000E+00  1.178450188800E+03  1.202050887151E+03
  5.290000000000E+00  1.196224800985E+03  1.219704871557E+03
  5.300000000000E+00  1.213902978228E+03  1.237248117004E+03
  5.310000000000E+00  1.231474026661E+03  1.254670221578E+03
  5.320000000000E+00  1.248927485394E+03  1.271961049636E+03
  5.330000000000E+00  1.266253151107E+03  1.289110754881E+03
  5.340000000000E+00  1.283441101446E+03  1.306109802071E+03
  5.350000000000E+00  1.300481717068E+03  1.322948987265E+03
  5.360000000000E+00  1.317365702195E+03  1.339619456413E+03
  5.370000000000E+00  1.334084103789E+03  1.356112722374E+03
  5.380000000000E+00  1.350628329394E+03  1.372420680598E+03
  5.390000000000E+00  1.366990163080E+03  1.388535622983E+03
  5.400000000000E+00  1.383161779223E+03  1.404450248608E+03
  5.410000000000E+00  1.399135758586E+03  1.420157672813E+03
  5.420000000000E+00  1.414905115531E+03  1.435651439736E+03
  5.430000000000E+00  1.430463363937E+03  1.450925533584E+03
  5.440000000000E+00  1.445804731023E+03  1.465974367587E+03
  5.450000000000E+00  1.460925235346E+03  1.480792765967E+03
  5.460000000000E+00  1.475827061892E+03  1.495376031545E+03
  5.470000000000E+00  1.490539283373E+03  1.509720069492E+03
  5.480000000000E+00  1.505203731245E+03  1.523821257414E+03
  5.490000000000E+00  1.520493689863E+03  1.537676484070E+03
  5.500000000000E+00  1.539417200302E+03  1.551286674262E+03
  5.510000000000E+00  1.576147612393E+03  1.564671365106E+03
  5.520000000000E+00  1.695294632953E+03  1.577926482194E+03
  5.530000000000E+00  2.207043316414E+03  1.591512722708E+03
  5.540000000000E+00  4.585939155581E+03  1.607691663356E+03
  5.550000000000E+00  1.667203054883E+04  1.637308025354E+03
  5.560000000000E+00  9.991296241285E+04  1.718602703494E+03
  5.570000000000E+00  3.301285514966E+06  6.366239107784E+03
  5.580000000000E+00  7.846171782642E+37  1.308732897157E+28
  5.000000000000E-01  3.033524861900E-04  3.137414192701E-04
  1.000000000000E+00  1.340572177759E-03  1.397446573820E-03
  1.500000000000E+00  6.959356249863E-03  7.268083425295E-03
  2.000000000000E+00  3.755472437917E-02  3.923876926301E-02
  2.500000000000E+00  2.046292552592E-01  2.138298644234E-01
  3.000000000000E+00  1.117415036047E+00  1.167671672693E+00
  3.500000000000E+00  6.094678405824E+00  6.368229860477E+00
  4.000000000000E+00  3.292012074897E+01  3.437993004676E+01
  4.500000000000E+00  1.688281806787E+02  1.758484383757E+02
  5.000000000000E+00  6.868195977085E+02  7.079531373200E+02
  5.500000000000E+00  1.533004864926E+03  1.551294370248E+03
  6.000000000000E+00  1.932351239749E+03  1.936923043550E+03
  6.500000000000E+00  2.012895525308E+03  2.013635645356E+03
  7.000000000000E+00  3.060589773304E+05  2.486936489266E+03
