  1.000000000000E-02  1.536019370878E-09  5.197376382555E-09
  2.000000000000E-02  2.441478160646E-09  5.376598133375E-09
  3.000000000000E-02  3.030871876458E-09  5.294612947063E-09
  4.000000000000E-02  3.428377403271E-09  5.179084695696E-09
  5.000000000000E-02  3.714109676038E-09  5.091023352759E-09
  6.000000000000E-02  3.934033901847E-09  5.041904225046E-09
  7.000000000000E-02  4.115010538274E-09  5.030092024725E-09
  8.000000000000E-02  4.273263275482E-09  5.051078496450E-09
  9.000000000000E-02  4.419050720053E-09  5.100433992701E-09
  1.000000000000E-01  4.559167238401E-09  5.174528444765E-09
  1.100000000000E-01  4.698307854918E-09  5.270585144639E-09
  1.200000000000E-01  4.839841935796E-09  5.386558293278E-09
  1.300000000000E-01  4.986272107119E-09  5.520986571023E-09
  1.400000000000E-01  5.139518932937E-09  5.672865556734E-09
  1.500000000000E-01  5.301104859624E-09  5.841546800228E-09
  1.600000000000E-01  5.472277369163E-09  6.026660998877E-09
  1.700000000000E-01  5.654093954549E-09  6.228060468400E-09
  1.800000000000E-01  5.847482252180E-09  6.445776355826E-09
  1.900000000000E-01  6.053283505029E-09  6.679986893572E-09
  2.000000000000E-01  6.272284549561E-09  6.930993880059E-09
  2.100000000000E-01  6.505241733996E-09  7.199205287720E-09
  2.200000000000E-01  6.752899069077E-09  7.485122460200E-09
  2.300000000000E-01  7.016002204548E-09  7.789330765491E-09
  2.400000000000E-01  7.295309358191E-09  8.112492881067E-09
  2.500000000000E-01  7.591600008976E-09  8.455344091792E-09
  2.600000000000E-01  7.905681947590E-09  8.818689165333E-09
  2.700000000000E-01  8.238397123567E-09  9.203400455754E-09
  2.800000000000E-01  8.590626617549E-09  9.610416996843E-09
  2.900000000000E-01  8.963294986559E-09  1.004074439624E-08
  3.000000000000E-01  9.357374170778E-09  1.049545539077E-08
  3.100000000000E-01  9.773887106079E-09  1.097569095765E-08
  3.200000000000E-01  1.021391115349E-08  1.148266190763E-08
  3.300000000000E-01  1.067858143184E-08  1.201765089434E-08
  3.400000000000E-01  1.116909412102E-08  1.258201480123E-08
  3.500000000000E-01  1.168670978908E-08  1.317718747435E-08
  3.600000000000E-01  1.223275678570E-08  1.380468277091E-08
  3.700000000000E-01  1.280863473633E-08  1.446609792194E-08
  3.800000000000E-01  1.341581816548E-08  1.516311717845E-08
  3.900000000000E-01  1.405586027285E-08  1.589751575478E-08
  4.000000000000E-01  1.473039688297E-08  1.667116405572E-08
  4.100000000000E-01  1.544115058638E-08  1.748603218798E-08
  4.200000000000E-01  1.618993508897E-08  1.834419476786E-08
  4.300000000000E-01  1.697865978486E-08  1.924783602263E-08
  4.400000000000E-01  1.780933456744E-08  2.019925519232E-08
  4.500000000000E-01  1.868407489320E-08  2.120087225298E-08
  4.600000000000E-01  1.960510711258E-08  2.225523395633E-08
  4.700000000000E-01  2.057477408245E-08  2.336502021032E-08
  4.800000000000E-01  2.159554107506E-08  2.453305080904E-08
  4.900000000000E-01  2.267000199889E-08  2.576229252508E-08
  5.000000000000E-01  2.380088594721E-08  2.705586658782E-08
  5.100000000000E-01  2.499106409124E-08  2.841705655793E-08
  5.200000000000E-01  2.624355693507E-08  2.984931661877E-08
  5.300000000000E-01  2.756154195085E-08  3.135628030857E-08
  5.400000000000E-01  2.894836161329E-08  3.294176970833E-08
  5.500000000000E-01  3.040753185387E-08  3.460980511301E-08
  5.600000000000E-01  3.194275095579E-08  3.636461520867E-08
  5.700000000000E-01  3.355790891231E-08  3.821064778063E-08
  5.800000000000E-01  3.525709727175E-08  4.015258097689E-08
  5.900000000000E-01  3.704461949428E-08  4.219533516298E-08
  6.000000000000E-01  3.892500184638E-08  4.434408538167E-08
  6.100000000000E-01  4.090300486050E-08  4.660427447509E-08
  6.200000000000E-01  4.298363538908E-08  4.898162687596E-08
  6.300000000000E-01  4.517215928312E-08  5.148216311248E-08
  6.400000000000E-01  4.747411472755E-08  5.411221507608E-08
  6.500000000000E-01  4.989532626707E-08  5.687844207046E-08
  6.600000000000E-01  5.244191955810E-08  5.978784769182E-08
  6.700000000000E-01  5.512033688404E-08  6.284779758958E-08
  6.800000000000E-01  5.793735347326E-08  6.606603813588E-08
  6.900000000000E-01  6.090009466121E-08  6.945071607406E-08
  7.000000000000E-01  6.401605394014E-08  7.301039917189E-08
  7.100000000000E-01  6.729311194220E-08  7.675409794943E-08
  7.200000000000E-01  7.073955640406E-08  8.069128853105E-08
  7.300000000000E-01  7.436410316386E-08  8.483193667203E-08
  7.400000000000E-01  7.817591824358E-08  8.918652304401E-08
  7.500000000000E-01  8.218464107302E-08  9.376606980442E-08
  7.600000000000E-01  8.640040891432E-08  9.858216856448E-08
  7.700000000000E-01  9.083388254900E-08  1.036470097869E-07
  7.800000000000E-01  9.549627329286E-08  1.089734137094E-07
  7.900000000000E-01  1.003993714072E-07  1.145748628701E-07
  8.000000000000E-01  1.055555759786E-07  1.204655363085E-07
  8.100000000000E-01  1.109779263431E-07  1.266603455386E-07
  8.200000000000E-01  1.166801351351E-07  1.331749723878E-07
  8.300000000000E-01  1.226766230435E-07  1.400259087816E-07
  8.400000000000E-01  1.289825553659E-07  1.472304985942E-07
  8.500000000000E-01  1.356138804507E-07  1.548069816581E-07
  8.600000000000E-01  1.425873701272E-07  1.627745400567E-07
  8.700000000000E-01  1.499206622256E-07  1.711533468042E-07
  8.800000000000E-01  1.576323052946E-07  1.799646170429E-07
  8.900000000000E-01  1.657418056307E-07  1.892306618984E-07
  9.000000000000E-01  1.742696767390E-07  1.989749451037E-07
  9.100000000000E-01  1.832374913499E-07  2.092221425694E-07
  9.200000000000E-01  1.926679361263E-07  2.199982050263E-07
  9.300000000000E-01  2.025848691977E-07  2.313304239012E-07
  9.400000000000E-01  2.130133806696E-07  2.432475006156E-07
  9.500000000000E-01  2.239798562610E-07  2.557796194637E-07
  9.600000000000E-01  2.355120442317E-07  2.689585242472E-07
  9.700000000000E-01  2.476391257706E-07  2.828175988989E-07
  9.800000000000E-01  2.603917890225E-07  2.973919522495E-07
  9.900000000000E-01  2.738023069438E-07  3.127185072058E-07
  1.000000000000E+00  2.879046191822E-07  3.288360945219E-07
